0.00000000 0.00000000
0.00048828 0.00000024
0.00097656 0.00000095
0.00146484 0.00000215
0.00195313 0.00000381
0.00244141 0.00000596
0.00292969 0.00000858
0.00341797 0.00001168
0.00390625 0.00001526
0.00439453 0.00001931
0.00488281 0.00002384
0.00537109 0.00002885
0.00585938 0.00003433
0.00634766 0.00004029
0.00683594 0.00004673
0.00732422 0.00005364
0.00781250 0.00006104
0.00830078 0.00006890
0.00878906 0.00007725
0.00927734 0.00008607
0.00976563 0.00009537
0.01025391 0.00010514
0.01074219 0.00011539
0.01123047 0.00012612
0.01171875 0.00013733
0.01220703 0.00014901
0.01269531 0.00016117
0.01318359 0.00017381
0.01367188 0.00018692
0.01416016 0.00020051
0.01464844 0.00021458
0.01513672 0.00022912
0.01562500 0.00024414
0.01611328 0.00025964
0.01660156 0.00027561
0.01708984 0.00029206
0.01757813 0.00030899
0.01806641 0.00032640
0.01855469 0.00034428
0.01904297 0.00036263
0.01953125 0.00038147
0.02001953 0.00040078
0.02050781 0.00042057
0.02099609 0.00044084
0.02148438 0.00046158
0.02197266 0.00048280
0.02246094 0.00050449
0.02294922 0.00052667
0.02343750 0.00054932
0.02392578 0.00057244
0.02441406 0.00059605
0.02490234 0.00062013
0.02539063 0.00064468
0.02587891 0.00066972
0.02636719 0.00069523
0.02685547 0.00072122
0.02734375 0.00074768
0.02783203 0.00077462
0.02832031 0.00080204
0.02880859 0.00082994
0.02929688 0.00085831
0.02978516 0.00088716
0.03027344 0.00091648
0.03076172 0.00094628
0.03125000 0.00097656
0.03173828 0.00100732
0.03222656 0.00103855
0.03271484 0.00107026
0.03320313 0.00110245
0.03369141 0.00113511
0.03417969 0.00116825
0.03466797 0.00120187
0.03515625 0.00123596
0.03564453 0.00127053
0.03613281 0.00130558
0.03662109 0.00134110
0.03710938 0.00137711
0.03759766 0.00141358
0.03808594 0.00145054
0.03857422 0.00148797
0.03906250 0.00152588
0.03955078 0.00156426
0.04003906 0.00160313
0.04052734 0.00164247
0.04101563 0.00168228
0.04150391 0.00172257
0.04199219 0.00176334
0.04248047 0.00180459
0.04296875 0.00184631
0.04345703 0.00188851
0.04394531 0.00193119
0.04443359 0.00197434
0.04492188 0.00201797
0.04541016 0.00206208
0.04589844 0.00210667
0.04638672 0.00215173
0.04687500 0.00219727
0.04736328 0.00224328
0.04785156 0.00228977
0.04833984 0.00233674
0.04882813 0.00238419
0.04931641 0.00243211
0.04980469 0.00248051
0.05029297 0.00252938
0.05078125 0.00257874
0.05126953 0.00262856
0.05175781 0.00267887
0.05224609 0.00272965
0.05273438 0.00278091
0.05322266 0.00283265
0.05371094 0.00288486
0.05419922 0.00293756
0.05468750 0.00299072
0.05517578 0.00304437
0.05566406 0.00309849
0.05615234 0.00315309
0.05664063 0.00320816
0.05712891 0.00326371
0.05761719 0.00331974
0.05810547 0.00337625
0.05859375 0.00343323
0.05908203 0.00349069
0.05957031 0.00354862
0.06005859 0.00360703
0.06054688 0.00366592
0.06103516 0.00372529
0.06152344 0.00378513
0.06201172 0.00384545
0.06250000 0.00390625
0.06298828 0.00396752
0.06347656 0.00402927
0.06396484 0.00409150
0.06445313 0.00415421
0.06494141 0.00421739
0.06542969 0.00428104
0.06591797 0.00434518
0.06640625 0.00440979
0.06689453 0.00447488
0.06738281 0.00454044
0.06787109 0.00460649
0.06835938 0.00467300
0.06884766 0.00474000
0.06933594 0.00480747
0.06982422 0.00487542
0.07031250 0.00494385
0.07080078 0.00501275
0.07128906 0.00508213
0.07177734 0.00515199
0.07226563 0.00522232
0.07275391 0.00529313
0.07324219 0.00536442
0.07373047 0.00543618
0.07421875 0.00550842
0.07470703 0.00558114
0.07519531 0.00565434
0.07568359 0.00572801
0.07617188 0.00580215
0.07666016 0.00587678
0.07714844 0.00595188
0.07763672 0.00602746
0.07812500 0.00610352
0.07861328 0.00618005
0.07910156 0.00625706
0.07958984 0.00633454
0.08007813 0.00641251
0.08056641 0.00649095
0.08105469 0.00656986
0.08154297 0.00664926
0.08203125 0.00672913
0.08251953 0.00680947
0.08300781 0.00689030
0.08349609 0.00697160
0.08398438 0.00705338
0.08447266 0.00713563
0.08496094 0.00721836
0.08544922 0.00730157
0.08593750 0.00738525
0.08642578 0.00746942
0.08691406 0.00755405
0.08740234 0.00763917
0.08789063 0.00772476
0.08837891 0.00781083
0.08886719 0.00789738
0.08935547 0.00798440
0.08984375 0.00807190
0.09033203 0.00815988
0.09082031 0.00824833
0.09130859 0.00833726
0.09179688 0.00842667
0.09228516 0.00851655
0.09277344 0.00860691
0.09326172 0.00869775
0.09375000 0.00878906
0.09423828 0.00888085
0.09472656 0.00897312
0.09521484 0.00906587
0.09570313 0.00915909
0.09619141 0.00925279
0.09667969 0.00934696
0.09716797 0.00944161
0.09765625 0.00953674
0.09814453 0.00963235
0.09863281 0.00972843
0.09912109 0.00982499
0.09960938 0.00992203
0.10009766 0.01001954
0.10058594 0.01011753
0.10107422 0.01021600
0.10156250 0.01031494
0.10205078 0.01041436
0.10253906 0.01051426
0.10302734 0.01061463
0.10351563 0.01071548
0.10400391 0.01081681
0.10449219 0.01091862
0.10498047 0.01102090
0.10546875 0.01112366
0.10595703 0.01122689
0.10644531 0.01133060
0.10693359 0.01143479
0.10742188 0.01153946
0.10791016 0.01164460
0.10839844 0.01175022
0.10888672 0.01185632
0.10937500 0.01196289
0.10986328 0.01206994
0.11035156 0.01217747
0.11083984 0.01228547
0.11132813 0.01239395
0.11181641 0.01250291
0.11230469 0.01261234
0.11279297 0.01272225
0.11328125 0.01283264
0.11376953 0.01294351
0.11425781 0.01305485
0.11474609 0.01316667
0.11523438 0.01327896
0.11572266 0.01339173
0.11621094 0.01350498
0.11669922 0.01361871
0.11718750 0.01373291
0.11767578 0.01384759
0.11816406 0.01396275
0.11865234 0.01407838
0.11914063 0.01419449
0.11962891 0.01431108
0.12011719 0.01442814
0.12060547 0.01454568
0.12109375 0.01466370
0.12158203 0.01478219
0.12207031 0.01490116
0.12255859 0.01502061
0.12304688 0.01514053
0.12353516 0.01526093
0.12402344 0.01538181
0.12451172 0.01550317
0.12500000 0.01562500
0.12548828 0.01574731
0.12597656 0.01587009
0.12646484 0.01599336
0.12695313 0.01611710
0.12744141 0.01624131
0.12792969 0.01636600
0.12841797 0.01649117
0.12890625 0.01661682
0.12939453 0.01674294
0.12988281 0.01686954
0.13037109 0.01699662
0.13085938 0.01712418
0.13134766 0.01725221
0.13183594 0.01738071
0.13232422 0.01750970
0.13281250 0.01763916
0.13330078 0.01776910
0.13378906 0.01789951
0.13427734 0.01803041
0.13476563 0.01816177
0.13525391 0.01829362
0.13574219 0.01842594
0.13623047 0.01855874
0.13671875 0.01869202
0.13720703 0.01882577
0.13769531 0.01896000
0.13818359 0.01909471
0.13867188 0.01922989
0.13916016 0.01936555
0.13964844 0.01950169
0.14013672 0.01963830
0.14062500 0.01977539
0.14111328 0.01991296
0.14160156 0.02005100
0.14208984 0.02018952
0.14257813 0.02032852
0.14306641 0.02046800
0.14355469 0.02060795
0.14404297 0.02074838
0.14453125 0.02088928
0.14501953 0.02103066
0.14550781 0.02117252
0.14599609 0.02131486
0.14648438 0.02145767
0.14697266 0.02160096
0.14746094 0.02174473
0.14794922 0.02188897
0.14843750 0.02203369
0.14892578 0.02217889
0.14941406 0.02232456
0.14990234 0.02247071
0.15039063 0.02261734
0.15087891 0.02276444
0.15136719 0.02291203
0.15185547 0.02306008
0.15234375 0.02320862
0.15283203 0.02335763
0.15332031 0.02350712
0.15380859 0.02365708
0.15429688 0.02380753
0.15478516 0.02395844
0.15527344 0.02410984
0.15576172 0.02426171
0.15625000 0.02441406
0.15673828 0.02456689
0.15722656 0.02472019
0.15771484 0.02487397
0.15820313 0.02502823
0.15869141 0.02518296
0.15917969 0.02533817
0.15966797 0.02549386
0.16015625 0.02565002
0.16064453 0.02580667
0.16113281 0.02596378
0.16162109 0.02612138
0.16210938 0.02627945
0.16259766 0.02643800
0.16308594 0.02659702
0.16357422 0.02675653
0.16406250 0.02691650
0.16455078 0.02707696
0.16503906 0.02723789
0.16552734 0.02739930
0.16601563 0.02756119
0.16650391 0.02772355
0.16699219 0.02788639
0.16748047 0.02804971
0.16796875 0.02821350
0.16845703 0.02837777
0.16894531 0.02854252
0.16943359 0.02870774
0.16992188 0.02887344
0.17041016 0.02903962
0.17089844 0.02920628
0.17138672 0.02937341
0.17187500 0.02954102
0.17236328 0.02970910
0.17285156 0.02987766
0.17333984 0.03004670
0.17382813 0.03021622
0.17431641 0.03038621
0.17480469 0.03055668
0.17529297 0.03072762
0.17578125 0.03089905
0.17626953 0.03107095
0.17675781 0.03124332
0.17724609 0.03141618
0.17773438 0.03158951
0.17822266 0.03176332
0.17871094 0.03193760
0.17919922 0.03211236
0.17968750 0.03228760
0.18017578 0.03246331
0.18066406 0.03263950
0.18115234 0.03281617
0.18164063 0.03299332
0.18212891 0.03317094
0.18261719 0.03334904
0.18310547 0.03352761
0.18359375 0.03370667
0.18408203 0.03388619
0.18457031 0.03406620
0.18505859 0.03424668
0.18554688 0.03442764
0.18603516 0.03460908
0.18652344 0.03479099
0.18701172 0.03497338
0.18750000 0.03515625
0.18798828 0.03533959
0.18847656 0.03552341
0.18896484 0.03570771
0.18945313 0.03589249
0.18994141 0.03607774
0.19042969 0.03626347
0.19091797 0.03644967
0.19140625 0.03663635
0.19189453 0.03682351
0.19238281 0.03701115
0.19287109 0.03719926
0.19335938 0.03738785
0.19384766 0.03757691
0.19433594 0.03776646
0.19482422 0.03795648
0.19531250 0.03814697
0.19580078 0.03833795
0.19628906 0.03852940
0.19677734 0.03872132
0.19726563 0.03891373
0.19775391 0.03910661
0.19824219 0.03929996
0.19873047 0.03949380
0.19921875 0.03968811
0.19970703 0.03988290
0.20019531 0.04007816
0.20068359 0.04027390
0.20117188 0.04047012
0.20166016 0.04066682
0.20214844 0.04086399
0.20263672 0.04106164
0.20312500 0.04125977
0.20361328 0.04145837
0.20410156 0.04165745
0.20458984 0.04185700
0.20507813 0.04205704
0.20556641 0.04225755
0.20605469 0.04245853
0.20654297 0.04266000
0.20703125 0.04286194
0.20751953 0.04306436
0.20800781 0.04326725
0.20849609 0.04347062
0.20898438 0.04367447
0.20947266 0.04387879
0.20996094 0.04408360
0.21044922 0.04428887
0.21093750 0.04449463
0.21142578 0.04470086
0.21191406 0.04490757
0.21240234 0.04511476
0.21289063 0.04532242
0.21337891 0.04553056
0.21386719 0.04573917
0.21435547 0.04594827
0.21484375 0.04615784
0.21533203 0.04636788
0.21582031 0.04657841
0.21630859 0.04678941
0.21679688 0.04700089
0.21728516 0.04721284
0.21777344 0.04742527
0.21826172 0.04763818
0.21875000 0.04785156
0.21923828 0.04806542
0.21972656 0.04827976
0.22021484 0.04849458
0.22070313 0.04870987
0.22119141 0.04892564
0.22167969 0.04914188
0.22216797 0.04935861
0.22265625 0.04957581
0.22314453 0.04979348
0.22363281 0.05001163
0.22412109 0.05023026
0.22460938 0.05044937
0.22509766 0.05066895
0.22558594 0.05088902
0.22607422 0.05110955
0.22656250 0.05133057
0.22705078 0.05155206
0.22753906 0.05177402
0.22802734 0.05199647
0.22851563 0.05221939
0.22900391 0.05244279
0.22949219 0.05266666
0.22998047 0.05289102
0.23046875 0.05311584
0.23095703 0.05334115
0.23144531 0.05356693
0.23193359 0.05379319
0.23242188 0.05401993
0.23291016 0.05424714
0.23339844 0.05447483
0.23388672 0.05470300
0.23437500 0.05493164
0.23486328 0.05516076
0.23535156 0.05539036
0.23583984 0.05562043
0.23632813 0.05585098
0.23681641 0.05608201
0.23730469 0.05631351
0.23779297 0.05654550
0.23828125 0.05677795
0.23876953 0.05701089
0.23925781 0.05724430
0.23974609 0.05747819
0.24023438 0.05771255
0.24072266 0.05794740
0.24121094 0.05818272
0.24169922 0.05841851
0.24218750 0.05865479
0.24267578 0.05889153
0.24316406 0.05912876
0.24365234 0.05936646
0.24414063 0.05960464
0.24462891 0.05984330
0.24511719 0.06008244
0.24560547 0.06032205
0.24609375 0.06056213
0.24658203 0.06080270
0.24707031 0.06104374
0.24755859 0.06128526
0.24804688 0.06152725
0.24853516 0.06176972
0.24902344 0.06201267
0.24951172 0.06225610
0.25000000 0.06250000
0.25048828 0.06274438
0.25097656 0.06298923
0.25146484 0.06323457
0.25195313 0.06348038
0.25244141 0.06372666
0.25292969 0.06397343
0.25341797 0.06422067
0.25390625 0.06446838
0.25439453 0.06471658
0.25488281 0.06496525
0.25537109 0.06521440
0.25585938 0.06546402
0.25634766 0.06571412
0.25683594 0.06596470
0.25732422 0.06621575
0.25781250 0.06646729
0.25830078 0.06671929
0.25878906 0.06697178
0.25927734 0.06722474
0.25976563 0.06747818
0.26025391 0.06773210
0.26074219 0.06798649
0.26123047 0.06824136
0.26171875 0.06849670
0.26220703 0.06875253
0.26269531 0.06900883
0.26318359 0.06926560
0.26367188 0.06952286
0.26416016 0.06978059
0.26464844 0.07003880
0.26513672 0.07029748
0.26562500 0.07055664
0.26611328 0.07081628
0.26660156 0.07107639
0.26708984 0.07133698
0.26757813 0.07159805
0.26806641 0.07185960
0.26855469 0.07212162
0.26904297 0.07238412
0.26953125 0.07264709
0.27001953 0.07291055
0.27050781 0.07317448
0.27099609 0.07343888
0.27148438 0.07370377
0.27197266 0.07396913
0.27246094 0.07423496
0.27294922 0.07450128
0.27343750 0.07476807
0.27392578 0.07503533
0.27441406 0.07530308
0.27490234 0.07557130
0.27539063 0.07584000
0.27587891 0.07610917
0.27636719 0.07637882
0.27685547 0.07664895
0.27734375 0.07691956
0.27783203 0.07719064
0.27832031 0.07746220
0.27880859 0.07773423
0.27929688 0.07800674
0.27978516 0.07827973
0.28027344 0.07855320
0.28076172 0.07882714
0.28125000 0.07910156
0.28173828 0.07937646
0.28222656 0.07965183
0.28271484 0.07992768
0.28320313 0.08020401
0.28369141 0.08048081
0.28417969 0.08075809
0.28466797 0.08103585
0.28515625 0.08131409
0.28564453 0.08159280
0.28613281 0.08187199
0.28662109 0.08215165
0.28710938 0.08243179
0.28759766 0.08271241
0.28808594 0.08299351
0.28857422 0.08327508
0.28906250 0.08355713
0.28955078 0.08383965
0.29003906 0.08412266
0.29052734 0.08440614
0.29101563 0.08469009
0.29150391 0.08497453
0.29199219 0.08525944
0.29248047 0.08554482
0.29296875 0.08583069
0.29345703 0.08611703
0.29394531 0.08640385
0.29443359 0.08669114
0.29492188 0.08697891
0.29541016 0.08726716
0.29589844 0.08755589
0.29638672 0.08784509
0.29687500 0.08813477
0.29736328 0.08842492
0.29785156 0.08871555
0.29833984 0.08900666
0.29882813 0.08929825
0.29931641 0.08959031
0.29980469 0.08988285
0.30029297 0.09017587
0.30078125 0.09046936
0.30126953 0.09076333
0.30175781 0.09105778
0.30224609 0.09135270
0.30273438 0.09164810
0.30322266 0.09194398
0.30371094 0.09224033
0.30419922 0.09253716
0.30468750 0.09283447
0.30517578 0.09313226
0.30566406 0.09343052
0.30615234 0.09372926
0.30664063 0.09402847
0.30712891 0.09432817
0.30761719 0.09462833
0.30810547 0.09492898
0.30859375 0.09523010
0.30908203 0.09553170
0.30957031 0.09583378
0.31005859 0.09613633
0.31054688 0.09643936
0.31103516 0.09674287
0.31152344 0.09704685
0.31201172 0.09735131
0.31250000 0.09765625
0.31298828 0.09796166
0.31347656 0.09826756
0.31396484 0.09857392
0.31445313 0.09888077
0.31494141 0.09918809
0.31542969 0.09949589
0.31591797 0.09980416
0.31640625 0.10011292
0.31689453 0.10042214
0.31738281 0.10073185
0.31787109 0.10104203
0.31835938 0.10135269
0.31884766 0.10166383
0.31933594 0.10197544
0.31982422 0.10228753
0.32031250 0.10260010
0.32080078 0.10291314
0.32128906 0.10322666
0.32177734 0.10354066
0.32226563 0.10385513
0.32275391 0.10417008
0.32324219 0.10448551
0.32373047 0.10480142
0.32421875 0.10511780
0.32470703 0.10543466
0.32519531 0.10575199
0.32568359 0.10606980
0.32617188 0.10638809
0.32666016 0.10670686
0.32714844 0.10702610
0.32763672 0.10734582
0.32812500 0.10766602
0.32861328 0.10798669
0.32910156 0.10830784
0.32958984 0.10862947
0.33007813 0.10895157
0.33056641 0.10927415
0.33105469 0.10959721
0.33154297 0.10992074
0.33203125 0.11024475
0.33251953 0.11056924
0.33300781 0.11089420
0.33349609 0.11121964
0.33398438 0.11154556
0.33447266 0.11187196
0.33496094 0.11219883
0.33544922 0.11252618
0.33593750 0.11285400
0.33642578 0.11318231
0.33691406 0.11351109
0.33740234 0.11384034
0.33789063 0.11417007
0.33837891 0.11450028
0.33886719 0.11483097
0.33935547 0.11516213
0.33984375 0.11549377
0.34033203 0.11582589
0.34082031 0.11615849
0.34130859 0.11649156
0.34179688 0.11682510
0.34228516 0.11715913
0.34277344 0.11749363
0.34326172 0.11782861
0.34375000 0.11816406
0.34423828 0.11849999
0.34472656 0.11883640
0.34521484 0.11917329
0.34570313 0.11951065
0.34619141 0.11984849
0.34667969 0.12018681
0.34716797 0.12052560
0.34765625 0.12086487
0.34814453 0.12120461
0.34863281 0.12154484
0.34912109 0.12188554
0.34960938 0.12222672
0.35009766 0.12256837
0.35058594 0.12291050
0.35107422 0.12325311
0.35156250 0.12359619
0.35205078 0.12393975
0.35253906 0.12428379
0.35302734 0.12462831
0.35351563 0.12497330
0.35400391 0.12531877
0.35449219 0.12566471
0.35498047 0.12601113
0.35546875 0.12635803
0.35595703 0.12670541
0.35644531 0.12705326
0.35693359 0.12740159
0.35742188 0.12775040
0.35791016 0.12809968
0.35839844 0.12844944
0.35888672 0.12879968
0.35937500 0.12915039
0.35986328 0.12950158
0.36035156 0.12985325
0.36083984 0.13020539
0.36132813 0.13055801
0.36181641 0.13091111
0.36230469 0.13126469
0.36279297 0.13161874
0.36328125 0.13197327
0.36376953 0.13232827
0.36425781 0.13268375
0.36474609 0.13303971
0.36523438 0.13339615
0.36572266 0.13375306
0.36621094 0.13411045
0.36669922 0.13446832
0.36718750 0.13482666
0.36767578 0.13518548
0.36816406 0.13554478
0.36865234 0.13590455
0.36914063 0.13626480
0.36962891 0.13662553
0.37011719 0.13698673
0.37060547 0.13734841
0.37109375 0.13771057
0.37158203 0.13807321
0.37207031 0.13843632
0.37255859 0.13879991
0.37304688 0.13916397
0.37353516 0.13952851
0.37402344 0.13989353
0.37451172 0.14025903
0.37500000 0.14062500
0.37548828 0.14099145
0.37597656 0.14135838
0.37646484 0.14172578
0.37695313 0.14209366
0.37744141 0.14246202
0.37792969 0.14283085
0.37841797 0.14320016
0.37890625 0.14356995
0.37939453 0.14394021
0.37988281 0.14431095
0.38037109 0.14468217
0.38085938 0.14505386
0.38134766 0.14542603
0.38183594 0.14579868
0.38232422 0.14617181
0.38281250 0.14654541
0.38330078 0.14691949
0.38378906 0.14729404
0.38427734 0.14766908
0.38476563 0.14804459
0.38525391 0.14842057
0.38574219 0.14879704
0.38623047 0.14917397
0.38671875 0.14955139
0.38720703 0.14992929
0.38769531 0.15030766
0.38818359 0.15068650
0.38867188 0.15106583
0.38916016 0.15144563
0.38964844 0.15182590
0.39013672 0.15220666
0.39062500 0.15258789
0.39111328 0.15296960
0.39160156 0.15335178
0.39208984 0.15373445
0.39257813 0.15411758
0.39306641 0.15450120
0.39355469 0.15488529
0.39404297 0.15526986
0.39453125 0.15565491
0.39501953 0.15604043
0.39550781 0.15642643
0.39599609 0.15681291
0.39648438 0.15719986
0.39697266 0.15758729
0.39746094 0.15797520
0.39794922 0.15836358
0.39843750 0.15875244
0.39892578 0.15914178
0.39941406 0.15953159
0.39990234 0.15992188
0.40039063 0.16031265
0.40087891 0.16070390
0.40136719 0.16109562
0.40185547 0.16148782
0.40234375 0.16188049
0.40283203 0.16227365
0.40332031 0.16266727
0.40380859 0.16306138
0.40429688 0.16345596
0.40478516 0.16385102
0.40527344 0.16424656
0.40576172 0.16464257
0.40625000 0.16503906
0.40673828 0.16543603
0.40722656 0.16583347
0.40771484 0.16623139
0.40820313 0.16662979
0.40869141 0.16702867
0.40917969 0.16742802
0.40966797 0.16782784
0.41015625 0.16822815
0.41064453 0.16862893
0.41113281 0.16903019
0.41162109 0.16943192
0.41210938 0.16983414
0.41259766 0.17023683
0.41308594 0.17063999
0.41357422 0.17104363
0.41406250 0.17144775
0.41455078 0.17185235
0.41503906 0.17225742
0.41552734 0.17266297
0.41601563 0.17306900
0.41650391 0.17347550
0.41699219 0.17388248
0.41748047 0.17428994
0.41796875 0.17469788
0.41845703 0.17510629
0.41894531 0.17551517
0.41943359 0.17592454
0.41992188 0.17633438
0.42041016 0.17674470
0.42089844 0.17715549
0.42138672 0.17756677
0.42187500 0.17797852
0.42236328 0.17839074
0.42285156 0.17880344
0.42333984 0.17921662
0.42382813 0.17963028
0.42431641 0.18004441
0.42480469 0.18045902
0.42529297 0.18087411
0.42578125 0.18128967
0.42626953 0.18170571
0.42675781 0.18212223
0.42724609 0.18253922
0.42773438 0.18295670
0.42822266 0.18337464
0.42871094 0.18379307
0.42919922 0.18421197
0.42968750 0.18463135
0.43017578 0.18505120
0.43066406 0.18547153
0.43115234 0.18589234
0.43164063 0.18631363
0.43212891 0.18673539
0.43261719 0.18715763
0.43310547 0.18758035
0.43359375 0.18800354
0.43408203 0.18842721
0.43457031 0.18885136
0.43505859 0.18927598
0.43554688 0.18970108
0.43603516 0.19012666
0.43652344 0.19055271
0.43701172 0.19097924
0.43750000 0.19140625
0.43798828 0.19183373
0.43847656 0.19226170
0.43896484 0.19269013
0.43945313 0.19311905
0.43994141 0.19354844
0.44042969 0.19397831
0.44091797 0.19440866
0.44140625 0.19483948
0.44189453 0.19527078
0.44238281 0.19570255
0.44287109 0.19613481
0.44335938 0.19656754
0.44384766 0.19700074
0.44433594 0.19743443
0.44482422 0.19786859
0.44531250 0.19830322
0.44580078 0.19873834
0.44628906 0.19917393
0.44677734 0.19960999
0.44726563 0.20004654
0.44775391 0.20048356
0.44824219 0.20092106
0.44873047 0.20135903
0.44921875 0.20179749
0.44970703 0.20223641
0.45019531 0.20267582
0.45068359 0.20311570
0.45117188 0.20355606
0.45166016 0.20399690
0.45214844 0.20443821
0.45263672 0.20488000
0.45312500 0.20532227
0.45361328 0.20576501
0.45410156 0.20620823
0.45458984 0.20665193
0.45507813 0.20709610
0.45556641 0.20754075
0.45605469 0.20798588
0.45654297 0.20843148
0.45703125 0.20887756
0.45751953 0.20932412
0.45800781 0.20977116
0.45849609 0.21021867
0.45898438 0.21066666
0.45947266 0.21111512
0.45996094 0.21156406
0.46044922 0.21201348
0.46093750 0.21246338
0.46142578 0.21291375
0.46191406 0.21336460
0.46240234 0.21381593
0.46289063 0.21426773
0.46337891 0.21472001
0.46386719 0.21517277
0.46435547 0.21562600
0.46484375 0.21607971
0.46533203 0.21653390
0.46582031 0.21698856
0.46630859 0.21744370
0.46679688 0.21789932
0.46728516 0.21835542
0.46777344 0.21881199
0.46826172 0.21926904
0.46875000 0.21972656
0.46923828 0.22018456
0.46972656 0.22064304
0.47021484 0.22110200
0.47070313 0.22156143
0.47119141 0.22202134
0.47167969 0.22248173
0.47216797 0.22294259
0.47265625 0.22340393
0.47314453 0.22386575
0.47363281 0.22432804
0.47412109 0.22479081
0.47460938 0.22525406
0.47509766 0.22571778
0.47558594 0.22618198
0.47607422 0.22664666
0.47656250 0.22711182
0.47705078 0.22757745
0.47753906 0.22804356
0.47802734 0.22851014
0.47851563 0.22897720
0.47900391 0.22944474
0.47949219 0.22991276
0.47998047 0.23038125
0.48046875 0.23085022
0.48095703 0.23131967
0.48144531 0.23178959
0.48193359 0.23225999
0.48242188 0.23273087
0.48291016 0.23320222
0.48339844 0.23367405
0.48388672 0.23414636
0.48437500 0.23461914
0.48486328 0.23509240
0.48535156 0.23556614
0.48583984 0.23604035
0.48632813 0.23651505
0.48681641 0.23699021
0.48730469 0.23746586
0.48779297 0.23794198
0.48828125 0.23841858
0.48876953 0.23889565
0.48925781 0.23937321
0.48974609 0.23985124
0.49023438 0.24032974
0.49072266 0.24080873
0.49121094 0.24128819
0.49169922 0.24176812
0.49218750 0.24224854
0.49267578 0.24272943
0.49316406 0.24321079
0.49365234 0.24369264
0.49414063 0.24417496
0.49462891 0.24465775
0.49511719 0.24514103
0.49560547 0.24562478
0.49609375 0.24610901
0.49658203 0.24659371
0.49707031 0.24707890
0.49755859 0.24756455
0.49804688 0.24805069
0.49853516 0.24853730
0.49902344 0.24902439
0.49951172 0.24951196
0.50000000 0.25000000
0.50048828 0.25048852
0.50097656 0.25097752
0.50146484 0.25146699
0.50195313 0.25195694
0.50244141 0.25244737
0.50292969 0.25293827
0.50341797 0.25342965
0.50390625 0.25392151
0.50439453 0.25441384
0.50488281 0.25490665
0.50537109 0.25539994
0.50585938 0.25589371
0.50634766 0.25638795
0.50683594 0.25688267
0.50732422 0.25737786
0.50781250 0.25787354
0.50830078 0.25836968
0.50878906 0.25886631
0.50927734 0.25936341
0.50976563 0.25986099
0.51025391 0.26035905
0.51074219 0.26085758
0.51123047 0.26135659
0.51171875 0.26185608
0.51220703 0.26235604
0.51269531 0.26285648
0.51318359 0.26335740
0.51367188 0.26385880
0.51416016 0.26436067
0.51464844 0.26486301
0.51513672 0.26536584
0.51562500 0.26586914
0.51611328 0.26637292
0.51660156 0.26687717
0.51708984 0.26738191
0.51757813 0.26788712
0.51806641 0.26839280
0.51855469 0.26889896
0.51904297 0.26940560
0.51953125 0.26991272
0.52001953 0.27042031
0.52050781 0.27092838
0.52099609 0.27143693
0.52148438 0.27194595
0.52197266 0.27245545
0.52246094 0.27296543
0.52294922 0.27347589
0.52343750 0.27398682
0.52392578 0.27449822
0.52441406 0.27501011
0.52490234 0.27552247
0.52539063 0.27603531
0.52587891 0.27654862
0.52636719 0.27706242
0.52685547 0.27757668
0.52734375 0.27809143
0.52783203 0.27860665
0.52832031 0.27912235
0.52880859 0.27963853
0.52929688 0.28015518
0.52978516 0.28067231
0.53027344 0.28118992
0.53076172 0.28170800
0.53125000 0.28222656
0.53173828 0.28274560
0.53222656 0.28326511
0.53271484 0.28378510
0.53320313 0.28430557
0.53369141 0.28482652
0.53417969 0.28534794
0.53466797 0.28586984
0.53515625 0.28639221
0.53564453 0.28691506
0.53613281 0.28743839
0.53662109 0.28796220
0.53710938 0.28848648
0.53759766 0.28901124
0.53808594 0.28953648
0.53857422 0.29006219
0.53906250 0.29058838
0.53955078 0.29111505
0.54003906 0.29164219
0.54052734 0.29216981
0.54101563 0.29269791
0.54150391 0.29322648
0.54199219 0.29375553
0.54248047 0.29428506
0.54296875 0.29481506
0.54345703 0.29534554
0.54394531 0.29587650
0.54443359 0.29640794
0.54492188 0.29693985
0.54541016 0.29747224
0.54589844 0.29800510
0.54638672 0.29853845
0.54687500 0.29907227
0.54736328 0.29960656
0.54785156 0.30014133
0.54833984 0.30067658
0.54882813 0.30121231
0.54931641 0.30174851
0.54980469 0.30228519
0.55029297 0.30282235
0.55078125 0.30335999
0.55126953 0.30389810
0.55175781 0.30443668
0.55224609 0.30497575
0.55273438 0.30551529
0.55322266 0.30605531
0.55371094 0.30659580
0.55419922 0.30713677
0.55468750 0.30767822
0.55517578 0.30822015
0.55566406 0.30876255
0.55615234 0.30930543
0.55664063 0.30984879
0.55712891 0.31039262
0.55761719 0.31093693
0.55810547 0.31148171
0.55859375 0.31202698
0.55908203 0.31257272
0.55957031 0.31311893
0.56005859 0.31366563
0.56054688 0.31421280
0.56103516 0.31476045
0.56152344 0.31530857
0.56201172 0.31585717
0.56250000 0.31640625
0.56298828 0.31695580
0.56347656 0.31750584
0.56396484 0.31805634
0.56445313 0.31860733
0.56494141 0.31915879
0.56542969 0.31971073
0.56591797 0.32026315
0.56640625 0.32081604
0.56689453 0.32136941
0.56738281 0.32192326
0.56787109 0.32247758
0.56835938 0.32303238
0.56884766 0.32358766
0.56933594 0.32414341
0.56982422 0.32469964
0.57031250 0.32525635
0.57080078 0.32581353
0.57128906 0.32637119
0.57177734 0.32692933
0.57226563 0.32748795
0.57275391 0.32804704
0.57324219 0.32860661
0.57373047 0.32916665
0.57421875 0.32972717
0.57470703 0.33028817
0.57519531 0.33084965
0.57568359 0.33141160
0.57617188 0.33197403
0.57666016 0.33253694
0.57714844 0.33310032
0.57763672 0.33366418
0.57812500 0.33422852
0.57861328 0.33479333
0.57910156 0.33535862
0.57958984 0.33592439
0.58007813 0.33649063
0.58056641 0.33705735
0.58105469 0.33762455
0.58154297 0.33819222
0.58203125 0.33876038
0.58251953 0.33932900
0.58300781 0.33989811
0.58349609 0.34046769
0.58398438 0.34103775
0.58447266 0.34160829
0.58496094 0.34217930
0.58544922 0.34275079
0.58593750 0.34332275
0.58642578 0.34389520
0.58691406 0.34446812
0.58740234 0.34504151
0.58789063 0.34561539
0.58837891 0.34618974
0.58886719 0.34676456
0.58935547 0.34733987
0.58984375 0.34791565
0.59033203 0.34849191
0.59082031 0.34906864
0.59130859 0.34964585
0.59179688 0.35022354
0.59228516 0.35080171
0.59277344 0.35138035
0.59326172 0.35195947
0.59375000 0.35253906
0.59423828 0.35311913
0.59472656 0.35369968
0.59521484 0.35428071
0.59570313 0.35486221
0.59619141 0.35544419
0.59667969 0.35602665
0.59716797 0.35660958
0.59765625 0.35719299
0.59814453 0.35777688
0.59863281 0.35836124
0.59912109 0.35894608
0.59960938 0.35953140
0.60009766 0.36011720
0.60058594 0.36070347
0.60107422 0.36129022
0.60156250 0.36187744
0.60205078 0.36246514
0.60253906 0.36305332
0.60302734 0.36364198
0.60351563 0.36423111
0.60400391 0.36482072
0.60449219 0.36541080
0.60498047 0.36600137
0.60546875 0.36659241
0.60595703 0.36718392
0.60644531 0.36777592
0.60693359 0.36836839
0.60742188 0.36896133
0.60791016 0.36955476
0.60839844 0.37014866
0.60888672 0.37074304
0.60937500 0.37133789
0.60986328 0.37193322
0.61035156 0.37252903
0.61083984 0.37312531
0.61132813 0.37372208
0.61181641 0.37431931
0.61230469 0.37491703
0.61279297 0.37551522
0.61328125 0.37611389
0.61376953 0.37671304
0.61425781 0.37731266
0.61474609 0.37791276
0.61523438 0.37851334
0.61572266 0.37911439
0.61621094 0.37971592
0.61669922 0.38031793
0.61718750 0.38092041
0.61767578 0.38152337
0.61816406 0.38212681
0.61865234 0.38273072
0.61914063 0.38333511
0.61962891 0.38393998
0.62011719 0.38454533
0.62060547 0.38515115
0.62109375 0.38575745
0.62158203 0.38636422
0.62207031 0.38697147
0.62255859 0.38757920
0.62304688 0.38818741
0.62353516 0.38879609
0.62402344 0.38940525
0.62451172 0.39001489
0.62500000 0.39062500
0.62548828 0.39123559
0.62597656 0.39184666
0.62646484 0.39245820
0.62695313 0.39307022
0.62744141 0.39368272
0.62792969 0.39429569
0.62841797 0.39490914
0.62890625 0.39552307
0.62939453 0.39613748
0.62988281 0.39675236
0.63037109 0.39736772
0.63085938 0.39798355
0.63134766 0.39859986
0.63183594 0.39921665
0.63232422 0.39983392
0.63281250 0.40045166
0.63330078 0.40106988
0.63378906 0.40168858
0.63427734 0.40230775
0.63476563 0.40292740
0.63525391 0.40354753
0.63574219 0.40416813
0.63623047 0.40478921
0.63671875 0.40541077
0.63720703 0.40603280
0.63769531 0.40665531
0.63818359 0.40727830
0.63867188 0.40790176
0.63916016 0.40852571
0.63964844 0.40915012
0.64013672 0.40977502
0.64062500 0.41040039
0.64111328 0.41102624
0.64160156 0.41165257
0.64208984 0.41227937
0.64257813 0.41290665
0.64306641 0.41353440
0.64355469 0.41416264
0.64404297 0.41479135
0.64453125 0.41542053
0.64501953 0.41605020
0.64550781 0.41668034
0.64599609 0.41731095
0.64648438 0.41794205
0.64697266 0.41857362
0.64746094 0.41920567
0.64794922 0.41983819
0.64843750 0.42047119
0.64892578 0.42110467
0.64941406 0.42173862
0.64990234 0.42237306
0.65039063 0.42300797
0.65087891 0.42364335
0.65136719 0.42427921
0.65185547 0.42491555
0.65234375 0.42555237
0.65283203 0.42618966
0.65332031 0.42682743
0.65380859 0.42746568
0.65429688 0.42810440
0.65478516 0.42874360
0.65527344 0.42938328
0.65576172 0.43002343
0.65625000 0.43066406
0.65673828 0.43130517
0.65722656 0.43194675
0.65771484 0.43258882
0.65820313 0.43323135
0.65869141 0.43387437
0.65917969 0.43451786
0.65966797 0.43516183
0.66015625 0.43580627
0.66064453 0.43645120
0.66113281 0.43709660
0.66162109 0.43774247
0.66210938 0.43838882
0.66259766 0.43903565
0.66308594 0.43968296
0.66357422 0.44033074
0.66406250 0.44097900
0.66455078 0.44162774
0.66503906 0.44227695
0.66552734 0.44292665
0.66601563 0.44357681
0.66650391 0.44422746
0.66699219 0.44487858
0.66748047 0.44553018
0.66796875 0.44618225
0.66845703 0.44683480
0.66894531 0.44748783
0.66943359 0.44814134
0.66992188 0.44879532
0.67041016 0.44944978
0.67089844 0.45010471
0.67138672 0.45076013
0.67187500 0.45141602
0.67236328 0.45207238
0.67285156 0.45272923
0.67333984 0.45338655
0.67382813 0.45404434
0.67431641 0.45470262
0.67480469 0.45536137
0.67529297 0.45602059
0.67578125 0.45668030
0.67626953 0.45734048
0.67675781 0.45800114
0.67724609 0.45866227
0.67773438 0.45932388
0.67822266 0.45998597
0.67871094 0.46064854
0.67919922 0.46131158
0.67968750 0.46197510
0.68017578 0.46263909
0.68066406 0.46330357
0.68115234 0.46396852
0.68164063 0.46463394
0.68212891 0.46529984
0.68261719 0.46596622
0.68310547 0.46663308
0.68359375 0.46730042
0.68408203 0.46796823
0.68457031 0.46863651
0.68505859 0.46930528
0.68554688 0.46997452
0.68603516 0.47064424
0.68652344 0.47131443
0.68701172 0.47198510
0.68750000 0.47265625
0.68798828 0.47332788
0.68847656 0.47399998
0.68896484 0.47467256
0.68945313 0.47534561
0.68994141 0.47601914
0.69042969 0.47669315
0.69091797 0.47736764
0.69140625 0.47804260
0.69189453 0.47871804
0.69238281 0.47939396
0.69287109 0.48007035
0.69335938 0.48074722
0.69384766 0.48142457
0.69433594 0.48210239
0.69482422 0.48278069
0.69531250 0.48345947
0.69580078 0.48413873
0.69628906 0.48481846
0.69677734 0.48549867
0.69726563 0.48617935
0.69775391 0.48686051
0.69824219 0.48754215
0.69873047 0.48822427
0.69921875 0.48890686
0.69970703 0.48958993
0.70019531 0.49027348
0.70068359 0.49095750
0.70117188 0.49164200
0.70166016 0.49232697
0.70214844 0.49301243
0.70263672 0.49369836
0.70312500 0.49438477
0.70361328 0.49507165
0.70410156 0.49575901
0.70458984 0.49644685
0.70507813 0.49713516
0.70556641 0.49782395
0.70605469 0.49851322
0.70654297 0.49920297
0.70703125 0.49989319
0.70751953 0.50058389
0.70800781 0.50127506
0.70849609 0.50196671
0.70898438 0.50265884
0.70947266 0.50335145
0.70996094 0.50404453
0.71044922 0.50473809
0.71093750 0.50543213
0.71142578 0.50612664
0.71191406 0.50682163
0.71240234 0.50751710
0.71289063 0.50821304
0.71337891 0.50890946
0.71386719 0.50960636
0.71435547 0.51030374
0.71484375 0.51100159
0.71533203 0.51169991
0.71582031 0.51239872
0.71630859 0.51309800
0.71679688 0.51379776
0.71728516 0.51449800
0.71777344 0.51519871
0.71826172 0.51589990
0.71875000 0.51660156
0.71923828 0.51730371
0.71972656 0.51800632
0.72021484 0.51870942
0.72070313 0.51941299
0.72119141 0.52011704
0.72167969 0.52082157
0.72216797 0.52152658
0.72265625 0.52223206
0.72314453 0.52293801
0.72363281 0.52364445
0.72412109 0.52435136
0.72460938 0.52505875
0.72509766 0.52576661
0.72558594 0.52647495
0.72607422 0.52718377
0.72656250 0.52789307
0.72705078 0.52860284
0.72753906 0.52931309
0.72802734 0.53002381
0.72851563 0.53073502
0.72900391 0.53144670
0.72949219 0.53215885
0.72998047 0.53287148
0.73046875 0.53358459
0.73095703 0.53429818
0.73144531 0.53501225
0.73193359 0.53572679
0.73242188 0.53644180
0.73291016 0.53715730
0.73339844 0.53787327
0.73388672 0.53858972
0.73437500 0.53930664
0.73486328 0.54002404
0.73535156 0.54074192
0.73583984 0.54146028
0.73632813 0.54217911
0.73681641 0.54289842
0.73730469 0.54361820
0.73779297 0.54433846
0.73828125 0.54505920
0.73876953 0.54578042
0.73925781 0.54650211
0.73974609 0.54722428
0.74023438 0.54794693
0.74072266 0.54867005
0.74121094 0.54939365
0.74169922 0.55011773
0.74218750 0.55084229
0.74267578 0.55156732
0.74316406 0.55229282
0.74365234 0.55301881
0.74414063 0.55374527
0.74462891 0.55447221
0.74511719 0.55519962
0.74560547 0.55592752
0.74609375 0.55665588
0.74658203 0.55738473
0.74707031 0.55811405
0.74755859 0.55884385
0.74804688 0.55957413
0.74853516 0.56030488
0.74902344 0.56103611
0.74951172 0.56176782
0.75000000 0.56250000
0.75048828 0.56323266
0.75097656 0.56396580
0.75146484 0.56469941
0.75195313 0.56543350
0.75244141 0.56616807
0.75292969 0.56690311
0.75341797 0.56763864
0.75390625 0.56837463
0.75439453 0.56911111
0.75488281 0.56984806
0.75537109 0.57058549
0.75585938 0.57132339
0.75634766 0.57206178
0.75683594 0.57280064
0.75732422 0.57353997
0.75781250 0.57427979
0.75830078 0.57502007
0.75878906 0.57576084
0.75927734 0.57650208
0.75976563 0.57724380
0.76025391 0.57798600
0.76074219 0.57872868
0.76123047 0.57947183
0.76171875 0.58021545
0.76220703 0.58095956
0.76269531 0.58170414
0.76318359 0.58244920
0.76367188 0.58319473
0.76416016 0.58394074
0.76464844 0.58468723
0.76513672 0.58543420
0.76562500 0.58618164
0.76611328 0.58692956
0.76660156 0.58767796
0.76708984 0.58842683
0.76757813 0.58917618
0.76806641 0.58992600
0.76855469 0.59067631
0.76904297 0.59142709
0.76953125 0.59217834
0.77001953 0.59293008
0.77050781 0.59368229
0.77099609 0.59443498
0.77148438 0.59518814
0.77197266 0.59594178
0.77246094 0.59669590
0.77294922 0.59745049
0.77343750 0.59820557
0.77392578 0.59896111
0.77441406 0.59971714
0.77490234 0.60047364
0.77539063 0.60123062
0.77587891 0.60198808
0.77636719 0.60274601
0.77685547 0.60350442
0.77734375 0.60426331
0.77783203 0.60502267
0.77832031 0.60578251
0.77880859 0.60654283
0.77929688 0.60730362
0.77978516 0.60806489
0.78027344 0.60882664
0.78076172 0.60958886
0.78125000 0.61035156
0.78173828 0.61111474
0.78222656 0.61187840
0.78271484 0.61264253
0.78320313 0.61340714
0.78369141 0.61417222
0.78417969 0.61493778
0.78466797 0.61570382
0.78515625 0.61647034
0.78564453 0.61723733
0.78613281 0.61800480
0.78662109 0.61877275
0.78710938 0.61954117
0.78759766 0.62031007
0.78808594 0.62107944
0.78857422 0.62184930
0.78906250 0.62261963
0.78955078 0.62339044
0.79003906 0.62416172
0.79052734 0.62493348
0.79101563 0.62570572
0.79150391 0.62647843
0.79199219 0.62725163
0.79248047 0.62802529
0.79296875 0.62879944
0.79345703 0.62957406
0.79394531 0.63034916
0.79443359 0.63112473
0.79492188 0.63190079
0.79541016 0.63267732
0.79589844 0.63345432
0.79638672 0.63423181
0.79687500 0.63500977
0.79736328 0.63578820
0.79785156 0.63656712
0.79833984 0.63734651
0.79882813 0.63812637
0.79931641 0.63890672
0.79980469 0.63968754
0.80029297 0.64046884
0.80078125 0.64125061
0.80126953 0.64203286
0.80175781 0.64281559
0.80224609 0.64359879
0.80273438 0.64438248
0.80322266 0.64516664
0.80371094 0.64595127
0.80419922 0.64673638
0.80468750 0.64752197
0.80517578 0.64830804
0.80566406 0.64909458
0.80615234 0.64988160
0.80664063 0.65066910
0.80712891 0.65145707
0.80761719 0.65224552
0.80810547 0.65303445
0.80859375 0.65382385
0.80908203 0.65461373
0.80957031 0.65540409
0.81005859 0.65619493
0.81054688 0.65698624
0.81103516 0.65777802
0.81152344 0.65857029
0.81201172 0.65936303
0.81250000 0.66015625
0.81298828 0.66094995
0.81347656 0.66174412
0.81396484 0.66253877
0.81445313 0.66333389
0.81494141 0.66412950
0.81542969 0.66492558
0.81591797 0.66572213
0.81640625 0.66651917
0.81689453 0.66731668
0.81738281 0.66811466
0.81787109 0.66891313
0.81835938 0.66971207
0.81884766 0.67051148
0.81933594 0.67131138
0.81982422 0.67211175
0.82031250 0.67291260
0.82080078 0.67371392
0.82128906 0.67451572
0.82177734 0.67531800
0.82226563 0.67612076
0.82275391 0.67692399
0.82324219 0.67772770
0.82373047 0.67853189
0.82421875 0.67933655
0.82470703 0.68014169
0.82519531 0.68094730
0.82568359 0.68175340
0.82617188 0.68255997
0.82666016 0.68336701
0.82714844 0.68417454
0.82763672 0.68498254
0.82812500 0.68579102
0.82861328 0.68659997
0.82910156 0.68740940
0.82958984 0.68821931
0.83007813 0.68902969
0.83056641 0.68984056
0.83105469 0.69065189
0.83154297 0.69146371
0.83203125 0.69227600
0.83251953 0.69308877
0.83300781 0.69390202
0.83349609 0.69471574
0.83398438 0.69552994
0.83447266 0.69634461
0.83496094 0.69715977
0.83544922 0.69797540
0.83593750 0.69879150
0.83642578 0.69960809
0.83691406 0.70042515
0.83740234 0.70124269
0.83789063 0.70206070
0.83837891 0.70287919
0.83886719 0.70369816
0.83935547 0.70451760
0.83984375 0.70533752
0.84033203 0.70615792
0.84082031 0.70697880
0.84130859 0.70780015
0.84179688 0.70862198
0.84228516 0.70944428
0.84277344 0.71026707
0.84326172 0.71109033
0.84375000 0.71191406
0.84423828 0.71273828
0.84472656 0.71356297
0.84521484 0.71438813
0.84570313 0.71521378
0.84619141 0.71603990
0.84667969 0.71686649
0.84716797 0.71769357
0.84765625 0.71852112
0.84814453 0.71934915
0.84863281 0.72017765
0.84912109 0.72100663
0.84960938 0.72183609
0.85009766 0.72266603
0.85058594 0.72349644
0.85107422 0.72432733
0.85156250 0.72515869
0.85205078 0.72599053
0.85253906 0.72682285
0.85302734 0.72765565
0.85351563 0.72848892
0.85400391 0.72932267
0.85449219 0.73015690
0.85498047 0.73099160
0.85546875 0.73182678
0.85595703 0.73266244
0.85644531 0.73349857
0.85693359 0.73433518
0.85742188 0.73517227
0.85791016 0.73600984
0.85839844 0.73684788
0.85888672 0.73768640
0.85937500 0.73852539
0.85986328 0.73936486
0.86035156 0.74020481
0.86083984 0.74104524
0.86132813 0.74188614
0.86181641 0.74272752
0.86230469 0.74356937
0.86279297 0.74441171
0.86328125 0.74525452
0.86376953 0.74609780
0.86425781 0.74694157
0.86474609 0.74778581
0.86523438 0.74863052
0.86572266 0.74947572
0.86621094 0.75032139
0.86669922 0.75116754
0.86718750 0.75201416
0.86767578 0.75286126
0.86816406 0.75370884
0.86865234 0.75455689
0.86914063 0.75540543
0.86962891 0.75625443
0.87011719 0.75710392
0.87060547 0.75795388
0.87109375 0.75880432
0.87158203 0.75965524
0.87207031 0.76050663
0.87255859 0.76135850
0.87304688 0.76221085
0.87353516 0.76306367
0.87402344 0.76391697
0.87451172 0.76477075
0.87500000 0.76562500
0.87548828 0.76647973
0.87597656 0.76733494
0.87646484 0.76819062
0.87695313 0.76904678
0.87744141 0.76990342
0.87792969 0.77076054
0.87841797 0.77161813
0.87890625 0.77247620
0.87939453 0.77333474
0.87988281 0.77419376
0.88037109 0.77505326
0.88085938 0.77591324
0.88134766 0.77677369
0.88183594 0.77763462
0.88232422 0.77849603
0.88281250 0.77935791
0.88330078 0.78022027
0.88378906 0.78108311
0.88427734 0.78194642
0.88476563 0.78281021
0.88525391 0.78367448
0.88574219 0.78453922
0.88623047 0.78540444
0.88671875 0.78627014
0.88720703 0.78713632
0.88769531 0.78800297
0.88818359 0.78887010
0.88867188 0.78973770
0.88916016 0.79060578
0.88964844 0.79147434
0.89013672 0.79234338
0.89062500 0.79321289
0.89111328 0.79408288
0.89160156 0.79495335
0.89208984 0.79582429
0.89257813 0.79669571
0.89306641 0.79756761
0.89355469 0.79843998
0.89404297 0.79931283
0.89453125 0.80018616
0.89501953 0.80105996
0.89550781 0.80193424
0.89599609 0.80280900
0.89648438 0.80368423
0.89697266 0.80455995
0.89746094 0.80543613
0.89794922 0.80631280
0.89843750 0.80718994
0.89892578 0.80806756
0.89941406 0.80894566
0.89990234 0.80982423
0.90039063 0.81070328
0.90087891 0.81158280
0.90136719 0.81246281
0.90185547 0.81334329
0.90234375 0.81422424
0.90283203 0.81510568
0.90332031 0.81598759
0.90380859 0.81686997
0.90429688 0.81775284
0.90478516 0.81863618
0.90527344 0.81952000
0.90576172 0.82040429
0.90625000 0.82128906
0.90673828 0.82217431
0.90722656 0.82306004
0.90771484 0.82394624
0.90820313 0.82483292
0.90869141 0.82572007
0.90917969 0.82660770
0.90966797 0.82749581
0.91015625 0.82838440
0.91064453 0.82927346
0.91113281 0.83016300
0.91162109 0.83105302
0.91210938 0.83194351
0.91259766 0.83283448
0.91308594 0.83372593
0.91357422 0.83461785
0.91406250 0.83551025
0.91455078 0.83640313
0.91503906 0.83729649
0.91552734 0.83819032
0.91601563 0.83908463
0.91650391 0.83997941
0.91699219 0.84087467
0.91748047 0.84177041
0.91796875 0.84266663
0.91845703 0.84356332
0.91894531 0.84446049
0.91943359 0.84535813
0.91992188 0.84625626
0.92041016 0.84715486
0.92089844 0.84805393
0.92138672 0.84895349
0.92187500 0.84985352
0.92236328 0.85075402
0.92285156 0.85165501
0.92333984 0.85255647
0.92382813 0.85345840
0.92431641 0.85436082
0.92480469 0.85526371
0.92529297 0.85616708
0.92578125 0.85707092
0.92626953 0.85797524
0.92675781 0.85888004
0.92724609 0.85978532
0.92773438 0.86069107
0.92822266 0.86159730
0.92871094 0.86250401
0.92919922 0.86341119
0.92968750 0.86431885
0.93017578 0.86522698
0.93066406 0.86613560
0.93115234 0.86704469
0.93164063 0.86795425
0.93212891 0.86886430
0.93261719 0.86977482
0.93310547 0.87068582
0.93359375 0.87159729
0.93408203 0.87250924
0.93457031 0.87342167
0.93505859 0.87433457
0.93554688 0.87524796
0.93603516 0.87616181
0.93652344 0.87707615
0.93701172 0.87799096
0.93750000 0.87890625
0.93798828 0.87982202
0.93847656 0.88073826
0.93896484 0.88165498
0.93945313 0.88257217
0.93994141 0.88348985
0.94042969 0.88440800
0.94091797 0.88532662
0.94140625 0.88624573
0.94189453 0.88716531
0.94238281 0.88808537
0.94287109 0.88900590
0.94335938 0.88992691
0.94384766 0.89084840
0.94433594 0.89177036
0.94482422 0.89269280
0.94531250 0.89361572
0.94580078 0.89453912
0.94628906 0.89546299
0.94677734 0.89638734
0.94726563 0.89731216
0.94775391 0.89823747
0.94824219 0.89916325
0.94873047 0.90008950
0.94921875 0.90101624
0.94970703 0.90194345
0.95019531 0.90287113
0.95068359 0.90379930
0.95117188 0.90472794
0.95166016 0.90565705
0.95214844 0.90658665
0.95263672 0.90751672
0.95312500 0.90844727
0.95361328 0.90937829
0.95410156 0.91030979
0.95458984 0.91124177
0.95507813 0.91217422
0.95556641 0.91310716
0.95605469 0.91404057
0.95654297 0.91497445
0.95703125 0.91590881
0.95751953 0.91684365
0.95800781 0.91777897
0.95849609 0.91871476
0.95898438 0.91965103
0.95947266 0.92058778
0.95996094 0.92152500
0.96044922 0.92246270
0.96093750 0.92340088
0.96142578 0.92433953
0.96191406 0.92527866
0.96240234 0.92621827
0.96289063 0.92715836
0.96337891 0.92809892
0.96386719 0.92903996
0.96435547 0.92998147
0.96484375 0.93092346
0.96533203 0.93186593
0.96582031 0.93280888
0.96630859 0.93375230
0.96679688 0.93469620
0.96728516 0.93564057
0.96777344 0.93658543
0.96826172 0.93753076
0.96875000 0.93847656
0.96923828 0.93942285
0.96972656 0.94036961
0.97021484 0.94131684
0.97070313 0.94226456
0.97119141 0.94321275
0.97167969 0.94416142
0.97216797 0.94511056
0.97265625 0.94606018
0.97314453 0.94701028
0.97363281 0.94796085
0.97412109 0.94891191
0.97460938 0.94986343
0.97509766 0.95081544
0.97558594 0.95176792
0.97607422 0.95272088
0.97656250 0.95367432
0.97705078 0.95462823
0.97753906 0.95558262
0.97802734 0.95653749
0.97851563 0.95749283
0.97900391 0.95844865
0.97949219 0.95940495
0.97998047 0.96036172
0.98046875 0.96131897
0.98095703 0.96227670
0.98144531 0.96323490
0.98193359 0.96419358
0.98242188 0.96515274
0.98291016 0.96611238
0.98339844 0.96707249
0.98388672 0.96803308
0.98437500 0.96899414
0.98486328 0.96995568
0.98535156 0.97091770
0.98583984 0.97188020
0.98632813 0.97284317
0.98681641 0.97380662
0.98730469 0.97477055
0.98779297 0.97573495
0.98828125 0.97669983
0.98876953 0.97766519
0.98925781 0.97863102
0.98974609 0.97959733
0.99023438 0.98056412
0.99072266 0.98153138
0.99121094 0.98249912
0.99169922 0.98346734
0.99218750 0.98443604
0.99267578 0.98540521
0.99316406 0.98637486
0.99365234 0.98734498
0.99414063 0.98831558
0.99462891 0.98928666
0.99511719 0.99025822
0.99560547 0.99123025
0.99609375 0.99220276
0.99658203 0.99317575
0.99707031 0.99414921
0.99755859 0.99512315
0.99804688 0.99609756
0.99853516 0.99707246
0.99902344 0.99804783
0.99951172 0.99902368
1.00000000 1.00000000
