0.00050000 0.49983966
0.00150000 0.49953917
0.00250000 0.49926506
0.00350000 0.49901667
0.00450000 0.49886475
0.00550000 0.49866757
0.00650000 0.49850596
0.00750000 0.49846645
0.00850000 0.49824636
0.00950000 0.49818444
0.01050000 0.49791556
0.01150000 0.49782744
0.01250000 0.49764893
0.01350000 0.49734929
0.01450000 0.49736075
0.01550000 0.49711631
0.01650000 0.49660481
0.01750000 0.49675022
0.01850000 0.49653185
0.01950000 0.49644770
0.02050000 0.49574267
0.02150000 0.49601181
0.02250000 0.49589892
0.02350000 0.49551288
0.02450000 0.49553462
0.02550000 0.49539869
0.02650000 0.49508476
0.02750000 0.49503936
0.02850000 0.49473368
0.02950000 0.49487749
0.03050000 0.49453776
0.03150000 0.49464005
0.03250000 0.49457932
0.03350000 0.49439243
0.03450000 0.49446147
0.03550000 0.49416469
0.03650000 0.49409116
0.03750000 0.49430232
0.03850000 0.49411420
0.03950000 0.49415898
0.04050000 0.49388977
0.04150000 0.49403231
0.04250000 0.49405997
0.04350000 0.49398270
0.04450000 0.49407767
0.04550000 0.49390345
0.04650000 0.49361988
0.04750000 0.49395624
0.04850000 0.49376106
0.04950000 0.49370893
0.05050000 0.49368151
0.05150000 0.49378621
0.05250000 0.49367494
0.05350000 0.49344911
0.05450000 0.49383710
0.05550000 0.49378933
0.05650000 0.49333937
0.05750000 0.49389460
0.05850000 0.49391725
0.05950000 0.49417962
0.06050000 0.49352731
0.06150000 0.49390074
0.06250000 0.49395475
0.06350000 0.49403006
0.06450000 0.49456954
0.06550000 0.49452788
0.06650000 0.49451023
0.06750000 0.49495834
0.06850000 0.49486881
0.06950000 0.49510064
0.07050000 0.49514284
0.07150000 0.49522749
0.07250000 0.49553901
0.07350000 0.49568504
0.07450000 0.49603608
0.07550000 0.49603892
0.07650000 0.49628583
0.07750000 0.49659628
0.07850000 0.49659979
0.07950000 0.49703902
0.08050000 0.49705043
0.08150000 0.49712584
0.08250000 0.49754450
0.08350000 0.49773400
0.08450000 0.49799118
0.08550000 0.49823845
0.08650000 0.49851159
0.08750000 0.49882024
0.08850000 0.49908348
0.08950000 0.49941405
0.09050000 0.49974714
0.09150000 0.50010761
0.09250000 0.50047130
0.09350000 0.50085288
0.09450000 0.50119807
0.09550000 0.50168852
0.09650000 0.50232160
0.09750000 0.50252547
0.09850000 0.50296310
0.09950000 0.50367649
0.10050000 0.50406319
0.10150000 0.50434692
0.10250000 0.50477222
0.10350000 0.50518746
0.10450000 0.50590250
0.10550000 0.50630671
0.10650000 0.50662982
0.10750000 0.50720345
0.10850000 0.50777561
0.10950000 0.50871757
0.11050000 0.50870967
0.11150000 0.50916953
0.11250000 0.51002811
0.11350000 0.51069483
0.11450000 0.51132371
0.11550000 0.51197595
0.11650000 0.51258711
0.11750000 0.51341935
0.11850000 0.51465999
0.11950000 0.51246829
0.12050000 0.51281365
0.12150000 0.51213946
0.12250000 0.51150808
0.12350000 0.51089161
0.12450000 0.51007346
0.12550000 0.51010027
0.12650000 0.50956596
0.12750000 0.50944733
0.12850000 0.50826910
0.12950000 0.50757670
0.13050000 0.50793206
0.13150000 0.50685876
0.13250000 0.50625205
0.13350000 0.50597957
0.13450000 0.50548738
0.13550000 0.50488441
0.13650000 0.50490548
0.13750000 0.50424562
0.13850000 0.50356016
0.13950000 0.50329652
0.14050000 0.50299968
0.14150000 0.50238265
0.14250000 0.50204642
0.14350000 0.50163022
0.14450000 0.50117969
0.14550000 0.50092794
0.14650000 0.50049898
0.14750000 0.50014488
0.14850000 0.49978974
0.14950000 0.49947108
0.15050000 0.49906007
0.15150000 0.49874450
0.15250000 0.49838495
0.15350000 0.49815331
0.15450000 0.49765933
0.15550000 0.49754609
0.15650000 0.49714505
0.15750000 0.49686153
0.15850000 0.49669333
0.15950000 0.49654904
0.16050000 0.49601229
0.16150000 0.49605646
0.16250000 0.49565131
0.16350000 0.49527275
0.16450000 0.49534003
0.16550000 0.49507000
0.16650000 0.49490753
0.16750000 0.49486320
0.16850000 0.49454084
0.16950000 0.49431077
0.17050000 0.49428493
0.17150000 0.49407503
0.17250000 0.49379335
0.17350000 0.49376221
0.17450000 0.49395482
0.17550000 0.49360603
0.17650000 0.49369871
0.17750000 0.49359808
0.17850000 0.49330534
0.17950000 0.49375280
0.18050000 0.49314968
0.18150000 0.49302358
0.18250000 0.49336673
0.18350000 0.49349231
0.18450000 0.49329652
0.18550000 0.49326698
0.18650000 0.49318404
0.18750000 0.49352376
0.18850000 0.49322714
0.18950000 0.49359989
0.19050000 0.49307142
0.19150000 0.49353585
0.19250000 0.49346227
0.19350000 0.49361504
0.19450000 0.49374307
0.19550000 0.49276290
0.19650000 0.49381523
0.19750000 0.49389454
0.19850000 0.49403806
0.19950000 0.49395364
0.20050000 0.49409000
0.20150000 0.49444965
0.20250000 0.49440933
0.20350000 0.49479001
0.20450000 0.49458227
0.20550000 0.49469329
0.20650000 0.49484437
0.20750000 0.49534171
0.20850000 0.49542186
0.20950000 0.49551002
0.21050000 0.49576346
0.21150000 0.49598275
0.21250000 0.49635944
0.21350000 0.49640140
0.21450000 0.49680547
0.21550000 0.49702714
0.21650000 0.49726597
0.21750000 0.49757515
0.21850000 0.49771815
0.21950000 0.49813732
0.22050000 0.49835643
0.22150000 0.49865537
0.22250000 0.49894127
0.22350000 0.49926925
0.22450000 0.49956552
0.22550000 0.49986815
0.22650000 0.50018312
0.22750000 0.50052227
0.22850000 0.50082313
0.22950000 0.50116056
0.23050000 0.50150523
0.23150000 0.50186516
0.23250000 0.50209507
0.23350000 0.50259204
0.23450000 0.50278361
0.23550000 0.50324029
0.23650000 0.50354567
0.23750000 0.50397339
0.23850000 0.50418139
0.23950000 0.50457342
0.24050000 0.50524172
0.24150000 0.50531282
0.24250000 0.50575596
0.24350000 0.50615570
0.24450000 0.50652897
0.24550000 0.50709952
0.24650000 0.50723472
0.24750000 0.50778145
0.24850000 0.50819271
0.24950000 0.50828769
0.25050000 0.50962576
0.25150000 0.50939116
0.25250000 0.50979100
0.25350000 0.51016646
0.25450000 0.51076773
0.25550000 0.51137440
0.25650000 0.51158377
0.25750000 0.51234706
0.25850000 0.51166802
0.25950000 0.51085657
0.26050000 0.51109524
0.26150000 0.51005335
0.26250000 0.50954482
0.26350000 0.50906035
0.26450000 0.50848943
0.26550000 0.50806129
0.26650000 0.50771064
0.26750000 0.50695370
0.26850000 0.50677736
0.26950000 0.50618056
0.27050000 0.50585105
0.27150000 0.50532405
0.27250000 0.50518826
0.27350000 0.50488908
0.27450000 0.50453822
0.27550000 0.50412773
0.27650000 0.50392911
0.27750000 0.50320868
0.27850000 0.50270592
0.27950000 0.50246550
0.28050000 0.50214757
0.28150000 0.50180480
0.28250000 0.50135618
0.28350000 0.50109060
0.28450000 0.50077652
0.28550000 0.50046166
0.28650000 0.50017059
0.28750000 0.49988775
0.28850000 0.49957797
0.28950000 0.49937644
0.29050000 0.49904925
0.29150000 0.49883585
0.29250000 0.49862476
0.29350000 0.49838006
0.29450000 0.49816643
0.29550000 0.49784563
0.29650000 0.49781876
0.29750000 0.49756774
0.29850000 0.49738872
0.29950000 0.49750561
0.30050000 0.49663564
0.30150000 0.49689686
0.30250000 0.49656047
0.30350000 0.49668884
0.30450000 0.49635416
0.30550000 0.49637402
0.30650000 0.49614274
0.30750000 0.49617783
0.30850000 0.49592503
0.30950000 0.49591921
0.31050000 0.49496293
0.31150000 0.49571386
0.31250000 0.49573735
0.31350000 0.49555100
0.31450000 0.49573035
0.31550000 0.49559073
0.31650000 0.49558722
0.31750000 0.49557974
0.31850000 0.49525238
0.31950000 0.49546033
0.32050000 0.49495157
0.32150000 0.49534703
0.32250000 0.49502686
0.32350000 0.49527505
0.32450000 0.49528337
0.32550000 0.49527336
0.32650000 0.49516281
0.32750000 0.49515660
0.32850000 0.49534183
0.32950000 0.49541535
0.33050000 0.49534260
0.33150000 0.49519968
0.33250000 0.49543669
0.33350000 0.49523100
0.33450000 0.49557271
0.33550000 0.49559079
0.33650000 0.49561067
0.33750000 0.49560188
0.33850000 0.49568457
0.33950000 0.49584189
0.34050000 0.49554934
0.34150000 0.49558219
0.34250000 0.49581807
0.34350000 0.49611513
0.34450000 0.49607971
0.34550000 0.49602540
0.34650000 0.49611927
0.34750000 0.49621670
0.34850000 0.49639994
0.34950000 0.49624210
0.35050000 0.49660703
0.35150000 0.49679947
0.35250000 0.49671518
0.35350000 0.49695021
0.35450000 0.49695926
0.35550000 0.49694601
0.35650000 0.49725093
0.35750000 0.49729451
0.35850000 0.49749028
0.35950000 0.49764054
0.36050000 0.49755951
0.36150000 0.49778559
0.36250000 0.49792777
0.36350000 0.49802763
0.36450000 0.49813538
0.36550000 0.49831221
0.36650000 0.49840040
0.36750000 0.49862552
0.36850000 0.49868822
0.36950000 0.49886563
0.37050000 0.49898706
0.37150000 0.49912549
0.37250000 0.49927046
0.37350000 0.49941086
0.37450000 0.49959460
0.37550000 0.49972335
0.37650000 0.49988209
0.37750000 0.50003416
0.37850000 0.50018356
0.37950000 0.50031455
0.38050000 0.50052069
0.38150000 0.50065577
0.38250000 0.50083140
0.38350000 0.50092003
0.38450000 0.50111416
0.38550000 0.50125998
0.38650000 0.50143147
0.38750000 0.50143454
0.38850000 0.50164474
0.38950000 0.50170502
0.39050000 0.50201423
0.39150000 0.50219222
0.39250000 0.50216814
0.39350000 0.50228312
0.39450000 0.50241869
0.39550000 0.50265403
0.39650000 0.50268101
0.39750000 0.50292074
0.39850000 0.50291185
0.39950000 0.50312578
0.40050000 0.50366839
0.40150000 0.50331121
0.40250000 0.50350130
0.40350000 0.50368594
0.40450000 0.50398536
0.40550000 0.50390189
0.40650000 0.50405988
0.40750000 0.50414039
0.40850000 0.50463128
0.40950000 0.50517505
0.41050000 0.50440795
0.41150000 0.50452729
0.41250000 0.50469853
0.41350000 0.50498660
0.41450000 0.50472093
0.41550000 0.50532384
0.41650000 0.50537747
0.41750000 0.50539832
0.41850000 0.50561889
0.41950000 0.50529619
0.42050000 0.50616293
0.42150000 0.50524526
0.42250000 0.50534490
0.42350000 0.50472015
0.42450000 0.50455811
0.42550000 0.50445961
0.42650000 0.50444268
0.42750000 0.50430821
0.42850000 0.50365162
0.42950000 0.50337781
0.43050000 0.50337056
0.43150000 0.50308954
0.43250000 0.50297920
0.43350000 0.50285898
0.43450000 0.50268809
0.43550000 0.50262838
0.43650000 0.50233110
0.43750000 0.50219185
0.43850000 0.50210147
0.43950000 0.50176601
0.44050000 0.50186949
0.44150000 0.50153861
0.44250000 0.50151883
0.44350000 0.50129002
0.44450000 0.50132190
0.44550000 0.50113501
0.44650000 0.50107353
0.44750000 0.50096271
0.44850000 0.50084560
0.44950000 0.50069069
0.45050000 0.50062220
0.45150000 0.50053795
0.45250000 0.50042758
0.45350000 0.50037694
0.45450000 0.50025346
0.45550000 0.50017715
0.45650000 0.50008700
0.45750000 0.50000449
0.45850000 0.49992411
0.45950000 0.49984027
0.46050000 0.49978319
0.46150000 0.49971303
0.46250000 0.49952642
0.46350000 0.49956871
0.46450000 0.49952118
0.46550000 0.49949022
0.46650000 0.49940651
0.46750000 0.49935659
0.46850000 0.49926296
0.46950000 0.49927123
0.47050000 0.49915559
0.47150000 0.49892100
0.47250000 0.49860055
0.47350000 0.49847742
0.47450000 0.49902282
0.47550000 0.49894181
0.47650000 0.49898551
0.47750000 0.49883242
0.47850000 0.49871575
0.47950000 0.49896039
0.48050000 0.49847969
0.48150000 0.49866542
0.48250000 0.49854556
0.48350000 0.49819941
0.48450000 0.49797649
0.48550000 0.49798004
0.48650000 0.49827021
0.48750000 0.49846285
0.48850000 0.49823198
0.48950000 0.49853191
0.49050000 0.49833519
0.49150000 0.49841524
0.49250000 0.49847841
0.49350000 0.49843221
0.49450000 0.49844761
0.49550000 0.49846780
0.49650000 0.49840971
0.49750000 0.49835010
0.49850000 0.49823150
0.49950000 0.49860035
0.50050000 0.49801196
0.50150000 0.49844577
0.50250000 0.49841082
0.50350000 0.49843655
0.50450000 0.49837817
0.50550000 0.49846378
0.50650000 0.49838923
0.50750000 0.49843572
0.50850000 0.49820504
0.50950000 0.49854333
0.51050000 0.49830812
0.51150000 0.49845651
0.51250000 0.49840691
0.51350000 0.49836551
0.51450000 0.49840560
0.51550000 0.49802657
0.51650000 0.49759055
0.51750000 0.49805863
0.51850000 0.49849247
0.51950000 0.49862087
0.52050000 0.49843141
0.52150000 0.49853397
0.52250000 0.49851612
0.52350000 0.49851232
0.52450000 0.49849835
0.52550000 0.49850134
0.52650000 0.49837358
0.52750000 0.49843657
0.52850000 0.49821800
0.52950000 0.49817798
0.53050000 0.49820991
0.53150000 0.49854371
0.53250000 0.49854358
0.53350000 0.49843663
0.53450000 0.49870944
0.53550000 0.49861205
0.53650000 0.49869477
0.53750000 0.49873697
0.53850000 0.49881027
0.53950000 0.49885492
0.54050000 0.49877976
0.54150000 0.49889945
0.54250000 0.49880695
0.54350000 0.49894412
0.54450000 0.49887514
0.54550000 0.49898485
0.54650000 0.49893435
0.54750000 0.49900190
0.54850000 0.49902069
0.54950000 0.49903830
0.55050000 0.49908605
0.55150000 0.49903188
0.55250000 0.49924070
0.55350000 0.49916422
0.55450000 0.49922435
0.55550000 0.49921998
0.55650000 0.49928715
0.55750000 0.49929724
0.55850000 0.49933279
0.55950000 0.49936389
0.56050000 0.49938669
0.56150000 0.49945394
0.56250000 0.49943520
0.56350000 0.49947197
0.56450000 0.49953448
0.56550000 0.49960216
0.56650000 0.49959350
0.56750000 0.49959796
0.56850000 0.49967666
0.56950000 0.49967225
0.57050000 0.49970208
0.57150000 0.49973242
0.57250000 0.49978759
0.57350000 0.49979589
0.57450000 0.49984046
0.57550000 0.49986411
0.57650000 0.49989087
0.57750000 0.49993557
0.57850000 0.49995619
0.57950000 0.49998911
0.58050000 0.50001494
0.58150000 0.50004189
0.58250000 0.50007222
0.58350000 0.50008981
0.58450000 0.50012037
0.58550000 0.50013165
0.58650000 0.50017352
0.58750000 0.50019576
0.58850000 0.50022917
0.58950000 0.50021609
0.59050000 0.50028023
0.59150000 0.50032331
0.59250000 0.50030362
0.59350000 0.50031546
0.59450000 0.50033810
0.59550000 0.50035594
0.59650000 0.50043824
0.59750000 0.50035595
0.59850000 0.50044215
0.59950000 0.50036662
0.60050000 0.50052655
0.60150000 0.50045200
0.60250000 0.50042856
0.60350000 0.50051719
0.60450000 0.50057421
0.60550000 0.50052140
0.60650000 0.50061975
0.60750000 0.50059713
0.60850000 0.50062681
0.60950000 0.50061338
0.61050000 0.50065645
0.61150000 0.50066672
0.61250000 0.50071076
0.61350000 0.50082777
0.61450000 0.50075908
0.61550000 0.50069721
0.61650000 0.50073861
0.61750000 0.50072433
0.61850000 0.50078091
0.61950000 0.50066894
0.62050000 0.50087316
0.62150000 0.50086269
0.62250000 0.50092737
0.62350000 0.50082662
0.62450000 0.50086003
0.62550000 0.50093098
0.62650000 0.50097144
0.62750000 0.50081868
0.62850000 0.50099849
0.62950000 0.50092453
0.63050000 0.50111075
0.63150000 0.50101095
0.63250000 0.50107749
0.63350000 0.50105570
0.63450000 0.50113121
0.63550000 0.50108489
0.63650000 0.50113376
0.63750000 0.50105475
0.63850000 0.50117600
0.63950000 0.50109232
0.64050000 0.50148940
0.64150000 0.50116727
0.64250000 0.50114103
0.64350000 0.50107628
0.64450000 0.50105212
0.64550000 0.50106002
0.64650000 0.50132935
0.64750000 0.50119055
0.64850000 0.50125495
0.64950000 0.50140361
0.65050000 0.50137979
0.65150000 0.50111447
0.65250000 0.50125882
0.65350000 0.50130413
0.65450000 0.50117070
0.65550000 0.50124887
0.65650000 0.50142286
0.65750000 0.50115035
0.65850000 0.50140425
0.65950000 0.50098680
0.66050000 0.50137295
0.66150000 0.50100915
0.66250000 0.50094183
0.66350000 0.50091509
0.66450000 0.50092272
0.66550000 0.50096442
0.66650000 0.50082095
0.66750000 0.50098626
0.66850000 0.50080740
0.66950000 0.50069681
0.67050000 0.50080705
0.67150000 0.50068245
0.67250000 0.50066331
0.67350000 0.50064495
0.67450000 0.50058983
0.67550000 0.50050131
0.67650000 0.50060738
0.67750000 0.50153396
0.67850000 0.50047390
0.67950000 0.50036263
0.68050000 0.50053562
0.68150000 0.50038451
0.68250000 0.50038036
0.68350000 0.50034427
0.68450000 0.50039999
0.68550000 0.50029577
0.68650000 0.50030005
0.68750000 0.50036766
0.68850000 0.50030215
0.68950000 0.50025888
0.69050000 0.50021353
0.69150000 0.50014493
0.69250000 0.50016587
0.69350000 0.50041106
0.69450000 0.50010257
0.69550000 0.50009408
0.69650000 0.50008641
0.69750000 0.50005200
0.69850000 0.50004677
0.69950000 0.50002888
0.70050000 0.50002283
0.70150000 0.50000263
0.70250000 0.49998931
0.70350000 0.49997606
0.70450000 0.49996448
0.70550000 0.49995425
0.70650000 0.49994192
0.70750000 0.49993024
0.70850000 0.49991940
0.70950000 0.49992080
0.71050000 0.49988883
0.71150000 0.49989019
0.71250000 0.49985882
0.71350000 0.49987255
0.71450000 0.49984219
0.71550000 0.49986813
0.71650000 0.49983271
0.71750000 0.49984855
0.71850000 0.49983035
0.71950000 0.49986766
0.72050000 0.49978628
0.72150000 0.49979777
0.72250000 0.49979359
0.72350000 0.49982163
0.72450000 0.49983207
0.72550000 0.49978652
0.72650000 0.49974272
0.72750000 0.49977509
0.72850000 0.49980796
0.72950000 0.49976287
0.73050000 0.49971268
0.73150000 0.49977420
0.73250000 0.49973737
0.73350000 0.49972307
0.73450000 0.49969753
0.73550000 0.49977120
0.73650000 0.49970979
0.73750000 0.49973587
0.73850000 0.49954151
0.73950000 0.49977161
0.74050000 0.49696986
0.74150000 0.49971906
0.74250000 0.49970351
0.74350000 0.49972315
0.74450000 0.49972137
0.74550000 0.49970707
0.74650000 0.49963927
0.74750000 0.49967760
0.74850000 0.49971355
0.74950000 0.49970586
0.75050000 0.49829584
0.75150000 0.49977094
0.75250000 0.49961931
0.75350000 0.49973885
0.75450000 0.49970231
0.75550000 0.49973398
0.75650000 0.49970727
0.75750000 0.49977891
0.75850000 0.49973199
0.75950000 0.49971252
0.76050000 0.49973612
0.76150000 0.49975393
0.76250000 0.49972282
0.76350000 0.49972947
0.76450000 0.49973132
0.76550000 0.49967521
0.76650000 0.49974932
0.76750000 0.49976227
0.76850000 0.49970316
0.76950000 0.49965716
0.77050000 0.49971856
0.77150000 0.49797720
0.77250000 0.49967057
0.77350000 0.49974172
0.77450000 0.49974490
0.77550000 0.49976715
0.77650000 0.49971921
0.77750000 0.49980922
0.77850000 0.49977648
0.77950000 0.49977655
0.78050000 0.49971146
0.78150000 0.49916126
0.78250000 0.49924299
0.78350000 0.49980777
0.78450000 0.49977370
0.78550000 0.49980078
0.78650000 0.49977659
0.78750000 0.49977501
0.78850000 0.49976507
0.78950000 0.49983317
0.79050000 0.49972367
0.79150000 0.49983741
0.79250000 0.49982347
0.79350000 0.49983539
0.79450000 0.49983440
0.79550000 0.49982466
0.79650000 0.49983468
0.79750000 0.49985814
0.79850000 0.49983062
0.79950000 0.49987229
0.80050000 0.49980181
0.80150000 0.49983250
0.80250000 0.49988399
0.80350000 0.49982401
0.80450000 0.49988059
0.80550000 0.49978777
0.80650000 0.49987025
0.80750000 0.49986736
0.80850000 0.49985979
0.80950000 0.49985687
0.81050000 0.49987750
0.81150000 0.49986284
0.81250000 0.49984333
0.81350000 0.49987850
0.81450000 0.49985416
0.81550000 0.49987765
0.81650000 0.49985077
0.81750000 0.49988168
0.81850000 0.49987647
0.81950000 0.49985423
0.82050000 0.49991716
0.82150000 0.49987539
0.82250000 0.49989220
0.82350000 0.49986245
0.82450000 0.49988673
0.82550000 0.49991114
0.82650000 0.49990599
0.82750000 0.49990082
0.82850000 0.49990310
0.82950000 0.49989294
0.83050000 0.49988525
0.83150000 0.49986255
0.83250000 0.49991238
0.83350000 0.49992979
0.83450000 0.49990959
0.83550000 0.49990695
0.83650000 0.49990934
0.83750000 0.49992184
0.83850000 0.49989145
0.83950000 0.49993935
0.84050000 0.49968886
0.84150000 0.49987088
0.84250000 0.49991892
0.84350000 0.49989350
0.84450000 0.49992896
0.84550000 0.49992384
0.84650000 0.49992127
0.84750000 0.49992124
0.84850000 0.49991868
0.84950000 0.49991867
0.85050000 0.49992629
0.85150000 0.49995171
0.85250000 0.49993900
0.85350000 0.49993902
0.85450000 0.49994919
0.85550000 0.49992636
0.85650000 0.49995685
0.85750000 0.49995180
0.85850000 0.49996197
0.85950000 0.49994427
0.86050000 0.49995191
0.86150000 0.49995954
0.86250000 0.49997474
0.86350000 0.49995205
0.86450000 0.49994455
0.86550000 0.49995217
0.86650000 0.49994721
0.86750000 0.49997741
0.86850000 0.49995990
0.86950000 0.49996497
0.87050000 0.49996253
0.87150000 0.49995512
0.87250000 0.49997512
0.87350000 0.49996275
0.87450000 0.49998265
0.87550000 0.49996291
0.87650000 0.49995313
0.87750000 0.49996555
0.87850000 0.49995582
0.87950000 0.49996818
0.88050000 0.49997070
0.88150000 0.49996348
0.88250000 0.49996844
0.88350000 0.49996128
0.88450000 0.49994693
0.88550000 0.49996153
0.88650000 0.49997124
0.88750000 0.49997612
0.88850000 0.49996668
0.88950000 0.49998103
0.89050000 0.49995984
0.89150000 0.49996941
0.89250000 0.49996250
0.89350000 0.49996966
0.89450000 0.49997211
0.89550000 0.49998843
0.89650000 0.49996775
0.89750000 0.49997707
0.89850000 0.49997718
0.89950000 0.49998864
0.90050000 0.49963612
0.90150000 0.49997077
0.90250000 0.49998210
0.90350000 0.49998887
0.90450000 0.49998894
0.90550000 0.49996699
0.90650000 0.49999125
0.90750000 0.49998477
0.90850000 0.49997406
0.90950000 0.49998281
0.91050000 0.49997865
0.91150000 0.49998727
0.91250000 0.49996628
0.91350000 0.49997488
0.91450000 0.49997090
0.91550000 0.49999794
0.91650000 0.49994877
0.91750000 0.49998779
0.91850000 0.49998183
0.91950000 0.49998397
0.92050000 0.49998807
0.92150000 0.49999014
0.92250000 0.49998240
0.92350000 0.49996898
0.92450000 0.49998847
0.92550000 0.49999238
0.92650000 0.49999434
0.92750000 0.49999626
0.92850000 0.49999074
0.92950000 0.49999449
0.93050000 0.49998910
0.93150000 0.50000000
0.93250000 0.49998576
0.93350000 0.49998943
0.93450000 0.49998955
0.93550000 0.49999483
0.93650000 0.49998637
0.93750000 0.49999663
0.93850000 0.49999834
0.93950000 0.49999507
0.94050000 0.49999513
0.94150000 0.49999679
0.94250000 0.49999525
0.94350000 0.49996410
0.94450000 0.49999692
0.94550000 0.50000000
0.94650000 0.49999701
0.94750000 0.49999853
0.94850000 0.50000000
0.94950000 0.50000000
0.95050000 0.50000000
0.95150000 0.49999723
0.95250000 0.50000000
0.95350000 0.49999732
0.95450000 0.50000000
0.95550000 0.49999742
0.95650000 0.49998987
0.95750000 0.49999627
0.95850000 0.49999635
0.95950000 0.49999761
0.96050000 0.49999883
0.96150000 0.49999771
0.96250000 0.49999777
0.96350000 0.49999672
0.96450000 0.49999680
0.96550000 0.49999792
0.96650000 0.49999899
0.96750000 0.49999605
0.96850000 0.49999904
0.96950000 0.49999813
0.97050000 0.49999909
0.97150000 0.49999912
0.97250000 0.49999830
0.97350000 0.49999835
0.97450000 0.49999921
0.97550000 0.50000000
0.97650000 0.49999852
0.97750000 0.50000000
0.97850000 0.50000000
0.97950000 0.49999935
0.98050000 0.50000000
0.98150000 0.49999586
0.98250000 0.49999944
0.98350000 0.50000000
0.98450000 0.49999900
0.98550000 0.50000000
0.98650000 0.50000000
0.98750000 0.50000000
0.98850000 0.49999925
0.98950000 0.49999965
0.99050000 0.50000000
0.99150000 0.50000000
0.99250000 0.50000000
0.99350000 0.50000000
0.99450000 0.49999982
0.99550000 0.49999985
0.99650000 0.49999965
0.99750000 0.50000000
0.99850000 0.50000000
0.99950000 0.49999985
