0.00050000 0.49986601
0.00150000 0.49961574
0.00250000 0.49938856
0.00350000 0.49918380
0.00450000 0.49905992
0.00550000 0.49889931
0.00650000 0.49876888
0.00750000 0.49873955
0.00850000 0.49856243
0.00950000 0.49851568
0.01050000 0.49830056
0.01150000 0.49823375
0.01250000 0.49809421
0.01350000 0.49785778
0.01450000 0.49787364
0.01550000 0.49768411
0.01650000 0.49728228
0.01750000 0.49740748
0.01850000 0.49724291
0.01950000 0.49718618
0.02050000 0.49664023
0.02150000 0.49686470
0.02250000 0.49678871
0.02350000 0.49650081
0.02450000 0.49653251
0.02550000 0.49644260
0.02650000 0.49621713
0.02750000 0.49620013
0.02850000 0.49598563
0.02950000 0.49611500
0.03050000 0.49587908
0.03150000 0.49597830
0.03250000 0.49595579
0.03350000 0.49584104
0.03450000 0.49591748
0.03550000 0.49572626
0.03650000 0.49570131
0.03750000 0.49588385
0.03850000 0.49577895
0.03950000 0.49584302
0.04050000 0.49568618
0.04150000 0.49582212
0.04250000 0.49587806
0.04350000 0.49586306
0.04450000 0.49596798
0.04550000 0.49589195
0.04650000 0.49574743
0.04750000 0.49601775
0.04850000 0.49593899
0.04950000 0.49595773
0.05050000 0.49599561
0.05150000 0.49611929
0.05250000 0.49611117
0.05350000 0.49603927
0.05450000 0.49634025
0.05550000 0.49638255
0.05650000 0.49620062
0.05750000 0.49659518
0.05850000 0.49669009
0.05950000 0.49691657
0.06050000 0.49667015
0.06150000 0.49696199
0.06250000 0.49709463
0.06350000 0.49724278
0.06450000 0.49760141
0.06550000 0.49770190
0.06650000 0.49782342
0.06750000 0.49812950
0.06850000 0.49823848
0.06950000 0.49846637
0.07050000 0.49864080
0.07150000 0.49883899
0.07250000 0.49909533
0.07350000 0.49931933
0.07450000 0.49957467
0.07550000 0.49980026
0.07650000 0.50005269
0.07750000 0.50030033
0.07850000 0.50059147
0.07950000 0.50081226
0.08050000 0.50116053
0.08150000 0.50154391
0.08250000 0.50175306
0.08350000 0.50212241
0.08450000 0.50246251
0.08550000 0.50284774
0.08650000 0.50323548
0.08750000 0.50357758
0.08850000 0.50415006
0.08950000 0.50456288
0.09050000 0.50516064
0.09150000 0.50538660
0.09250000 0.50585903
0.09350000 0.50637067
0.09450000 0.50660299
0.09550000 0.50753610
0.09650000 0.50884571
0.09750000 0.50849667
0.09850000 0.50900980
0.09950000 0.50994731
0.10050000 0.50922164
0.10150000 0.50835738
0.10250000 0.50783127
0.10350000 0.50730780
0.10450000 0.50716908
0.10550000 0.50662491
0.10650000 0.50603573
0.10750000 0.50568999
0.10850000 0.50533033
0.10950000 0.50518310
0.11050000 0.50448441
0.11150000 0.50407826
0.11250000 0.50383898
0.11350000 0.50350702
0.11450000 0.50316051
0.11550000 0.50282153
0.11650000 0.50247637
0.11750000 0.50217345
0.11850000 0.50196449
0.11950000 0.50143488
0.12050000 0.50121740
0.12150000 0.50089415
0.12250000 0.50058556
0.12350000 0.50028886
0.12450000 0.50000379
0.12550000 0.49971941
0.12650000 0.49944305
0.12750000 0.49913771
0.12850000 0.49894714
0.12950000 0.49873580
0.13050000 0.49833076
0.13150000 0.49822482
0.13250000 0.49804375
0.13350000 0.49776456
0.13450000 0.49756810
0.13550000 0.49744593
0.13650000 0.49697963
0.13750000 0.49692039
0.13850000 0.49694833
0.13950000 0.49664077
0.14050000 0.49633131
0.14150000 0.49645252
0.14250000 0.49621243
0.14350000 0.49612941
0.14450000 0.49622327
0.14550000 0.49562802
0.14650000 0.49582632
0.14750000 0.49563430
0.14850000 0.49559830
0.14950000 0.49573755
0.15050000 0.49521541
0.15150000 0.49527013
0.15250000 0.49512924
0.15350000 0.49532878
0.15450000 0.49487961
0.15550000 0.49525670
0.15650000 0.49504651
0.15750000 0.49505359
0.15850000 0.49522237
0.15950000 0.49539590
0.16050000 0.49505925
0.16150000 0.49544182
0.16250000 0.49529390
0.16350000 0.49519676
0.16450000 0.49554477
0.16550000 0.49555791
0.16650000 0.49567097
0.16750000 0.49587767
0.16850000 0.49586347
0.16950000 0.49593082
0.17050000 0.49614420
0.17150000 0.49623369
0.17250000 0.49628880
0.17350000 0.49649916
0.17450000 0.49682434
0.17550000 0.49686689
0.17650000 0.49713218
0.17750000 0.49730815
0.17850000 0.49741630
0.17950000 0.49780506
0.18050000 0.49783134
0.18150000 0.49803622
0.18250000 0.49836857
0.18350000 0.49863455
0.18450000 0.49884044
0.18550000 0.49908916
0.18650000 0.49934169
0.18750000 0.49963253
0.18850000 0.49989439
0.18950000 0.50017298
0.19050000 0.50049402
0.19150000 0.50075909
0.19250000 0.50108282
0.19350000 0.50137999
0.19450000 0.50168441
0.19550000 0.50235315
0.19650000 0.50237677
0.19750000 0.50272922
0.19850000 0.50306286
0.19950000 0.50353682
0.20050000 0.50390782
0.20150000 0.50412503
0.20250000 0.50464950
0.20350000 0.50483214
0.20450000 0.50558963
0.20550000 0.50607977
0.20650000 0.50655204
0.20750000 0.50656403
0.20850000 0.50715437
0.20950000 0.50778805
0.21050000 0.50816857
0.21150000 0.50862919
0.21250000 0.50873803
0.21350000 0.50979461
0.21450000 0.50882854
0.21550000 0.50839170
0.21650000 0.50794023
0.21750000 0.50731212
0.21850000 0.50722921
0.21950000 0.50629771
0.22050000 0.50605954
0.22150000 0.50557771
0.22250000 0.50518879
0.22350000 0.50460880
0.22450000 0.50423809
0.22550000 0.50398063
0.22650000 0.50342439
0.22750000 0.50321030
0.22850000 0.50272220
0.22950000 0.50239582
0.23050000 0.50206881
0.23150000 0.50175380
0.23250000 0.50135191
0.23350000 0.50112539
0.23450000 0.50077237
0.23550000 0.50051197
0.23650000 0.50023073
0.23750000 0.49996703
0.23850000 0.49972032
0.23950000 0.49947841
0.24050000 0.49920213
0.24150000 0.49902671
0.24250000 0.49880069
0.24350000 0.49859184
0.24450000 0.49839899
0.24550000 0.49816557
0.24650000 0.49805530
0.24750000 0.49784548
0.24850000 0.49768170
0.24950000 0.49761839
0.25050000 0.49720559
0.25150000 0.49725788
0.25250000 0.49713528
0.25350000 0.49702891
0.25450000 0.49686570
0.25550000 0.49671041
0.25650000 0.49667876
0.25750000 0.49657854
0.25850000 0.49653035
0.25950000 0.49654045
0.26050000 0.49621543
0.26150000 0.49633249
0.26250000 0.49627830
0.26350000 0.49622542
0.26450000 0.49622173
0.26550000 0.49616685
0.26650000 0.49608135
0.26750000 0.49622054
0.26850000 0.49605684
0.26950000 0.49614589
0.27050000 0.49608309
0.27150000 0.49616602
0.27250000 0.49597076
0.27350000 0.49589253
0.27450000 0.49585962
0.27550000 0.49589119
0.27650000 0.49570781
0.27750000 0.49612519
0.27850000 0.49635438
0.27950000 0.49624988
0.28050000 0.49625400
0.28150000 0.49631194
0.28250000 0.49665288
0.28350000 0.49659457
0.28450000 0.49668213
0.28550000 0.49683657
0.28650000 0.49691162
0.28750000 0.49711181
0.28850000 0.49692706
0.28950000 0.49741612
0.29050000 0.49730103
0.29150000 0.49753318
0.29250000 0.49771766
0.29350000 0.49783173
0.29450000 0.49798397
0.29550000 0.49803260
0.29650000 0.49833645
0.29750000 0.49844964
0.29850000 0.49861420
0.29950000 0.49890768
0.30050000 0.49880292
0.30150000 0.49912472
0.30250000 0.49926075
0.30350000 0.49949314
0.30450000 0.49965186
0.30550000 0.49985002
0.30650000 0.50003840
0.30750000 0.50022547
0.30850000 0.50043266
0.30950000 0.50061977
0.31050000 0.50098925
0.31150000 0.50102867
0.31250000 0.50120598
0.31350000 0.50144751
0.31450000 0.50156906
0.31550000 0.50180553
0.31650000 0.50199233
0.31750000 0.50218202
0.31850000 0.50254506
0.31950000 0.50262801
0.32050000 0.50314138
0.32150000 0.50309996
0.32250000 0.50353573
0.32350000 0.50357472
0.32450000 0.50378809
0.32550000 0.50402144
0.32650000 0.50435194
0.32750000 0.50460075
0.32850000 0.50466554
0.32950000 0.50483619
0.33050000 0.50516921
0.33150000 0.50560106
0.33250000 0.50559363
0.33350000 0.50613764
0.33450000 0.50597951
0.33550000 0.50620252
0.33650000 0.50590478
0.33750000 0.50565424
0.33850000 0.50529766
0.33950000 0.50486966
0.34050000 0.50496696
0.34150000 0.50469225
0.34250000 0.50422097
0.34350000 0.50371981
0.34450000 0.50355385
0.34550000 0.50340322
0.34650000 0.50312990
0.34750000 0.50286482
0.34850000 0.50254961
0.34950000 0.50247767
0.35050000 0.50207105
0.35150000 0.50179629
0.35250000 0.50168078
0.35350000 0.50140741
0.35450000 0.50124790
0.35550000 0.50109375
0.35650000 0.50083678
0.35750000 0.50067300
0.35850000 0.50047881
0.35950000 0.50030653
0.36050000 0.50015982
0.36150000 0.49999259
0.36250000 0.49983912
0.36350000 0.49968692
0.36450000 0.49953682
0.36550000 0.49941096
0.36650000 0.49925818
0.36750000 0.49917918
0.36850000 0.49900845
0.36950000 0.49892257
0.37050000 0.49878974
0.37150000 0.49867279
0.37250000 0.49856455
0.37350000 0.49844109
0.37450000 0.49845915
0.37550000 0.49827417
0.37650000 0.49823838
0.37750000 0.49819591
0.37850000 0.49814206
0.37950000 0.49819045
0.38050000 0.49787450
0.38150000 0.49790477
0.38250000 0.49780337
0.38350000 0.49791857
0.38450000 0.49778942
0.38550000 0.49776939
0.38650000 0.49770924
0.38750000 0.49790393
0.38850000 0.49778830
0.38950000 0.49787641
0.39050000 0.49766427
0.39150000 0.49762295
0.39250000 0.49779382
0.39350000 0.49781329
0.39450000 0.49781398
0.39550000 0.49773155
0.39650000 0.49782897
0.39750000 0.49775571
0.39850000 0.49787408
0.39950000 0.49782925
0.40050000 0.49757447
0.40150000 0.49791391
0.40250000 0.49789686
0.40350000 0.49788800
0.40450000 0.49782083
0.40550000 0.49796346
0.40650000 0.49797697
0.40750000 0.49803014
0.40850000 0.49789625
0.40950000 0.49775581
0.41050000 0.49817546
0.41150000 0.49821186
0.41250000 0.49822983
0.41350000 0.49820878
0.41450000 0.49838406
0.41550000 0.49826461
0.41650000 0.49833196
0.41750000 0.49840788
0.41850000 0.49842586
0.41950000 0.49859213
0.42050000 0.49848370
0.42150000 0.49869787
0.42250000 0.49866288
0.42350000 0.49881169
0.42450000 0.49884694
0.42550000 0.49886828
0.42650000 0.49887108
0.42750000 0.49890603
0.42850000 0.49907556
0.42950000 0.49914970
0.43050000 0.49915885
0.43150000 0.49923830
0.43250000 0.49927736
0.43350000 0.49932103
0.43450000 0.49937862
0.43550000 0.49941285
0.43650000 0.49950126
0.43750000 0.49955599
0.43850000 0.49960296
0.43950000 0.49969514
0.44050000 0.49971367
0.44150000 0.49980011
0.44250000 0.49984493
0.44350000 0.49991135
0.44450000 0.49996241
0.44550000 0.50002326
0.44650000 0.50008639
0.44750000 0.50014907
0.44850000 0.50021009
0.44950000 0.50025454
0.45050000 0.50032754
0.45150000 0.50039860
0.45250000 0.50044720
0.45350000 0.50056852
0.45450000 0.50057863
0.45550000 0.50067782
0.45650000 0.50072432
0.45750000 0.50080107
0.45850000 0.50085971
0.45950000 0.50096276
0.46050000 0.50094031
0.46150000 0.50100794
0.46250000 0.50143419
0.46350000 0.50117024
0.46450000 0.50119434
0.46550000 0.50119052
0.46650000 0.50131533
0.46750000 0.50136740
0.46850000 0.50151432
0.46950000 0.50145707
0.47050000 0.50165171
0.47150000 0.50207401
0.47250000 0.50265323
0.47350000 0.50285627
0.47450000 0.50181873
0.47550000 0.50195863
0.47650000 0.50187119
0.47750000 0.50214989
0.47850000 0.50236443
0.47950000 0.50191649
0.48050000 0.50280981
0.48150000 0.50247565
0.48250000 0.50271071
0.48350000 0.50337482
0.48450000 0.50390815
0.48550000 0.50366265
0.48650000 0.50294580
0.48750000 0.50245918
0.48850000 0.50265744
0.48950000 0.50207306
0.49050000 0.50220813
0.49150000 0.50197366
0.49250000 0.50177844
0.49350000 0.50171859
0.49450000 0.50159465
0.49550000 0.50147339
0.49650000 0.50142982
0.49750000 0.50138494
0.49850000 0.50138358
0.49950000 0.50101855
0.50050000 0.50134258
0.50150000 0.50097143
0.50250000 0.50091639
0.50350000 0.50082872
0.50450000 0.50078682
0.50550000 0.50067867
0.50650000 0.50064406
0.50750000 0.50056199
0.50850000 0.50057426
0.50950000 0.50041042
0.51050000 0.50041393
0.51150000 0.50032192
0.51250000 0.50027626
0.51350000 0.50022739
0.51450000 0.50016843
0.51550000 0.50014386
0.51650000 0.50009842
0.51750000 0.50001830
0.51850000 0.49996772
0.51950000 0.49992867
0.52050000 0.49987208
0.52150000 0.49983735
0.52250000 0.49979233
0.52350000 0.49974916
0.52450000 0.49970422
0.52550000 0.49966270
0.52650000 0.49958858
0.52750000 0.49956118
0.52850000 0.49945067
0.52950000 0.49938821
0.53050000 0.49934976
0.53150000 0.49943100
0.53250000 0.49939087
0.53350000 0.49930294
0.53450000 0.49938873
0.53550000 0.49930376
0.53650000 0.49930840
0.53750000 0.49929469
0.53850000 0.49930121
0.53950000 0.49929380
0.54050000 0.49921097
0.54150000 0.49925482
0.54250000 0.49915502
0.54350000 0.49921848
0.54450000 0.49913056
0.54550000 0.49918110
0.54650000 0.49910326
0.54750000 0.49912412
0.54850000 0.49910395
0.54950000 0.49908260
0.55050000 0.49909098
0.55150000 0.49899583
0.55250000 0.49917841
0.55350000 0.49905616
0.55450000 0.49908525
0.55550000 0.49903861
0.55650000 0.49908092
0.55750000 0.49905114
0.55850000 0.49905538
0.55950000 0.49905424
0.56050000 0.49904073
0.56150000 0.49909966
0.56250000 0.49901604
0.56350000 0.49902538
0.56450000 0.49908677
0.56550000 0.49916746
0.56650000 0.49908867
0.56750000 0.49902948
0.56850000 0.49915451
0.56950000 0.49906487
0.57050000 0.49906433
0.57150000 0.49906475
0.57250000 0.49916222
0.57350000 0.49907495
0.57450000 0.49914858
0.57550000 0.49911574
0.57650000 0.49908647
0.57750000 0.49923928
0.57850000 0.49911138
0.57950000 0.49917637
0.58050000 0.49936765
0.58150000 0.49931668
0.58250000 0.49927706
0.58350000 0.49935611
0.58450000 0.49933174
0.58550000 0.49940687
0.58650000 0.49934532
0.58750000 0.49936751
0.58850000 0.49935528
0.58950000 0.49946382
0.59050000 0.49938044
0.59150000 0.49935786
0.59250000 0.49945460
0.59350000 0.49948466
0.59450000 0.49949534
0.59550000 0.49951266
0.59650000 0.49944782
0.59750000 0.49958611
0.59850000 0.49952443
0.59950000 0.49963453
0.60050000 0.49951271
0.60150000 0.49961116
0.60250000 0.49965693
0.60350000 0.49961440
0.60450000 0.49960105
0.60550000 0.49966229
0.60650000 0.49962573
0.60750000 0.49966378
0.60850000 0.49967103
0.60950000 0.49970007
0.61050000 0.49970114
0.61150000 0.49971764
0.61250000 0.49972031
0.61350000 0.49969776
0.61450000 0.49974326
0.61550000 0.49978200
0.61650000 0.49978701
0.61750000 0.49980789
0.61850000 0.49981013
0.61950000 0.49985147
0.62050000 0.49982376
0.62150000 0.49984255
0.62250000 0.49984793
0.62350000 0.49987917
0.62450000 0.49988899
0.62550000 0.49989515
0.62650000 0.49990599
0.62750000 0.49993327
0.62850000 0.49993333
0.62950000 0.49995142
0.63050000 0.49995690
0.63150000 0.49997421
0.63250000 0.49998638
0.63350000 0.49999980
0.63450000 0.50001345
0.63550000 0.50002560
0.63650000 0.50003963
0.63750000 0.50004850
0.63850000 0.50006668
0.63950000 0.50007332
0.64050000 0.50011506
0.64150000 0.50010168
0.64250000 0.50011035
0.64350000 0.50011415
0.64450000 0.50012117
0.64550000 0.50013150
0.64650000 0.50017643
0.64750000 0.50016808
0.64850000 0.50018752
0.64950000 0.50022105
0.65050000 0.50022817
0.65150000 0.50019287
0.65250000 0.50022732
0.65350000 0.50024510
0.65450000 0.50022845
0.65550000 0.50025250
0.65650000 0.50029213
0.65750000 0.50025459
0.65850000 0.50033458
0.65950000 0.50025284
0.66050000 0.50037794
0.66150000 0.50029820
0.66250000 0.50029855
0.66350000 0.50031098
0.66450000 0.50033603
0.66550000 0.50037623
0.66650000 0.50034298
0.66750000 0.50044120
0.66850000 0.50038674
0.66950000 0.50035740
0.67050000 0.50044331
0.67150000 0.50040158
0.67250000 0.50041828
0.67350000 0.50043605
0.67450000 0.50042781
0.67550000 0.50039036
0.67650000 0.50050820
0.67750000 0.50138047
0.67850000 0.50045925
0.67950000 0.50037892
0.68050000 0.50060443
0.68150000 0.50046940
0.68250000 0.50050331
0.68350000 0.50049494
0.68450000 0.50062637
0.68550000 0.50050602
0.68650000 0.50056274
0.68750000 0.50075890
0.68850000 0.50068957
0.68950000 0.50065680
0.69050000 0.50060608
0.69150000 0.50046378
0.69250000 0.50060401
0.69350000 0.50172324
0.69450000 0.50050236
0.69550000 0.50054872
0.69650000 0.50061601
0.69750000 0.50047033
0.69850000 0.50056889
0.69950000 0.50052331
0.70050000 0.50077100
0.70150000 0.50051452
0.70250000 0.50051690
0.70350000 0.50050054
0.70450000 0.50046458
0.70550000 0.50042879
0.70650000 0.50041881
0.70750000 0.50040420
0.70850000 0.50038648
0.70950000 0.50032090
0.71050000 0.50038659
0.71150000 0.50033169
0.71250000 0.50037385
0.71350000 0.50029810
0.71450000 0.50032793
0.71550000 0.50024461
0.71650000 0.50027804
0.71750000 0.50022619
0.71850000 0.50022819
0.71950000 0.50016057
0.72050000 0.50023414
0.72150000 0.50020015
0.72250000 0.50018454
0.72350000 0.50014397
0.72450000 0.50012223
0.72550000 0.50013989
0.72650000 0.50015142
0.72750000 0.50011852
0.72850000 0.50009025
0.72950000 0.50009890
0.73050000 0.50010570
0.73150000 0.50007270
0.73250000 0.50007329
0.73350000 0.50006614
0.73450000 0.50006081
0.73550000 0.50003787
0.73650000 0.50003831
0.73750000 0.50002652
0.73850000 0.50003232
0.73950000 0.50000963
0.74050000 0.50004640
0.74150000 0.49999713
0.74250000 0.49998978
0.74350000 0.49998406
0.74450000 0.49997783
0.74550000 0.49997053
0.74650000 0.49995647
0.74750000 0.49995490
0.74850000 0.49995467
0.74950000 0.49994827
0.75050000 0.49967152
0.75150000 0.49995213
0.75250000 0.49991452
0.75350000 0.49993745
0.75450000 0.49992441
0.75550000 0.49992876
0.75650000 0.49991770
0.75750000 0.49993499
0.75850000 0.49991787
0.75950000 0.49990845
0.76050000 0.49991291
0.76150000 0.49991603
0.76250000 0.49990241
0.76350000 0.49990191
0.76450000 0.49989986
0.76550000 0.49987575
0.76650000 0.49990171
0.76750000 0.49990460
0.76850000 0.49987821
0.76950000 0.49985636
0.77050000 0.49987971
0.77150000 0.49911881
0.77250000 0.49985387
0.77350000 0.49988342
0.77450000 0.49988294
0.77550000 0.49989144
0.77650000 0.49986709
0.77750000 0.49990837
0.77850000 0.49989113
0.77950000 0.49988969
0.78050000 0.49985571
0.78150000 0.49957530
0.78250000 0.49961206
0.78350000 0.49990034
0.78450000 0.49988136
0.78550000 0.49989443
0.78650000 0.49988037
0.78750000 0.49987831
0.78850000 0.49987169
0.78950000 0.49990802
0.79050000 0.49984625
0.79150000 0.49990874
0.79250000 0.49990006
0.79350000 0.49990602
0.79450000 0.49990469
0.79550000 0.49989830
0.79650000 0.49990338
0.79750000 0.49991647
0.79850000 0.49989955
0.79950000 0.49992373
0.80050000 0.49988083
0.80150000 0.49989861
0.80250000 0.49992933
0.80350000 0.49989211
0.80450000 0.49992635
0.80550000 0.49986832
0.80650000 0.49991902
0.80750000 0.49991674
0.80850000 0.49991150
0.80950000 0.49990917
0.81050000 0.49992185
0.81150000 0.49991205
0.81250000 0.49989903
0.81350000 0.49992131
0.81450000 0.49990509
0.81550000 0.49992000
0.81650000 0.49990198
0.81750000 0.49992193
0.81850000 0.49991813
0.81950000 0.49990298
0.82050000 0.49994463
0.82150000 0.49991636
0.82250000 0.49992735
0.82350000 0.49990693
0.82450000 0.49992306
0.82550000 0.49993941
0.82650000 0.49993566
0.82750000 0.49993188
0.82850000 0.49993320
0.82950000 0.49992594
0.83050000 0.49992035
0.83150000 0.49990427
0.83250000 0.49993877
0.83350000 0.49995078
0.83450000 0.49993641
0.83550000 0.49993434
0.83650000 0.49993584
0.83750000 0.49994451
0.83850000 0.49992271
0.83950000 0.49995669
0.84050000 0.49977717
0.84150000 0.49990726
0.84250000 0.49994160
0.84350000 0.49992309
0.84450000 0.49994856
0.84550000 0.49994471
0.84650000 0.49994269
0.84750000 0.49994252
0.84850000 0.49994050
0.84950000 0.49994035
0.85050000 0.49994580
0.85150000 0.49996441
0.85250000 0.49995494
0.85350000 0.49995484
0.85450000 0.49996229
0.85550000 0.49994522
0.85650000 0.49996783
0.85750000 0.49996399
0.85850000 0.49997153
0.85950000 0.49995818
0.86050000 0.49996384
0.86150000 0.49996951
0.86250000 0.49998093
0.86350000 0.49996373
0.86450000 0.49995797
0.86550000 0.49996367
0.86650000 0.49995983
0.86750000 0.49998278
0.86850000 0.49996937
0.86950000 0.49997319
0.87050000 0.49997128
0.87150000 0.49996554
0.87250000 0.49998086
0.87350000 0.49997129
0.87450000 0.49998661
0.87550000 0.49997132
0.87650000 0.49996370
0.87750000 0.49997327
0.87850000 0.49996566
0.87950000 0.49997523
0.88050000 0.49997716
0.88150000 0.49997148
0.88250000 0.49997532
0.88350000 0.49996967
0.88450000 0.49995836
0.88550000 0.49996977
0.88650000 0.49997737
0.88750000 0.49998118
0.88850000 0.49997371
0.88950000 0.49998501
0.89050000 0.49996822
0.89150000 0.49997576
0.89250000 0.49997024
0.89350000 0.49997589
0.89450000 0.49997781
0.89550000 0.49999078
0.89650000 0.49997427
0.89750000 0.49998168
0.89850000 0.49998174
0.89950000 0.49999090
0.90050000 0.49970822
0.90150000 0.49997653
0.90250000 0.49998561
0.90350000 0.49999105
0.90450000 0.49999108
0.90550000 0.49997337
0.90650000 0.49999293
0.90750000 0.49998769
0.90850000 0.49997900
0.90950000 0.49998607
0.91050000 0.49998268
0.91150000 0.49998966
0.91250000 0.49997258
0.91350000 0.49997955
0.91450000 0.49997628
0.91550000 0.49999832
0.91650000 0.49995816
0.91750000 0.49999002
0.91850000 0.49998513
0.91950000 0.49998687
0.92050000 0.49999022
0.92150000 0.49999191
0.92250000 0.49998554
0.92350000 0.49997449
0.92450000 0.49999051
0.92550000 0.49999372
0.92650000 0.49999533
0.92750000 0.49999691
0.92850000 0.49999234
0.92950000 0.49999545
0.93050000 0.49999098
0.93150000 0.50000000
0.93250000 0.49998819
0.93350000 0.49999123
0.93450000 0.49999132
0.93550000 0.49999570
0.93650000 0.49998866
0.93750000 0.49999719
0.93850000 0.49999861
0.93950000 0.49999589
0.94050000 0.49999593
0.94150000 0.49999732
0.94250000 0.49999603
0.94350000 0.49996995
0.94450000 0.49999742
0.94550000 0.50000000
0.94650000 0.49999749
0.94750000 0.49999876
0.94850000 0.50000000
0.94950000 0.50000000
0.95050000 0.50000000
0.95150000 0.49999767
0.95250000 0.50000000
0.95350000 0.49999774
0.95450000 0.50000000
0.95550000 0.49999782
0.95650000 0.49999143
0.95750000 0.49999685
0.95850000 0.49999691
0.95950000 0.49999798
0.96050000 0.49999901
0.96150000 0.49999806
0.96250000 0.49999810
0.96350000 0.49999722
0.96450000 0.49999728
0.96550000 0.49999823
0.96650000 0.49999914
0.96750000 0.49999664
0.96850000 0.49999918
0.96950000 0.49999841
0.97050000 0.49999923
0.97150000 0.49999925
0.97250000 0.49999855
0.97350000 0.49999859
0.97450000 0.49999932
0.97550000 0.50000000
0.97650000 0.49999874
0.97750000 0.50000000
0.97850000 0.50000000
0.97950000 0.49999944
0.98050000 0.50000000
0.98150000 0.49999644
0.98250000 0.49999952
0.98350000 0.50000000
0.98450000 0.49999914
0.98550000 0.50000000
0.98650000 0.50000000
0.98750000 0.50000000
0.98850000 0.49999935
0.98950000 0.49999970
0.99050000 0.50000000
0.99150000 0.50000000
0.99250000 0.50000000
0.99350000 0.50000000
0.99450000 0.49999984
0.99550000 0.49999987
0.99650000 0.49999969
0.99750000 0.50000000
0.99850000 0.50000000
0.99950000 0.49999987
