0.00050000 0.49982028
0.00150000 0.49943366
0.00250000 0.49901185
0.00350000 0.49855612
0.00450000 0.49835828
0.00550000 0.49808525
0.00650000 0.49780798
0.00750000 0.49776020
0.00850000 0.49745989
0.00950000 0.49726226
0.01050000 0.49692198
0.01150000 0.49680201
0.01250000 0.49652786
0.01350000 0.49625680
0.01450000 0.49608650
0.01550000 0.49575727
0.01650000 0.49537842
0.01750000 0.49497947
0.01850000 0.49471083
0.01950000 0.49445354
0.02050000 0.49406231
0.02150000 0.49386223
0.02250000 0.49355984
0.02350000 0.49322428
0.02450000 0.49287170
0.02550000 0.49253107
0.02650000 0.49210830
0.02750000 0.49173288
0.02850000 0.49132926
0.02950000 0.49127549
0.03050000 0.49092382
0.03150000 0.49098441
0.03250000 0.49080075
0.03350000 0.49063698
0.03450000 0.49079171
0.03550000 0.49016468
0.03650000 0.49020145
0.03750000 0.49050655
0.03850000 0.49047130
0.03950000 0.49047923
0.04050000 0.49040998
0.04150000 0.49028373
0.04250000 0.49023215
0.04350000 0.49044288
0.04450000 0.49023708
0.04550000 0.49023093
0.04650000 0.48981298
0.04750000 0.49017330
0.04850000 0.48983077
0.04950000 0.49022845
0.05050000 0.48960189
0.05150000 0.48986310
0.05250000 0.48949895
0.05350000 0.48939144
0.05450000 0.48968856
0.05550000 0.48986303
0.05650000 0.48938286
0.05750000 0.48972260
0.05850000 0.48975998
0.05950000 0.49009112
0.06050000 0.48919210
0.06150000 0.48968805
0.06250000 0.48924381
0.06350000 0.49018562
0.06450000 0.49041550
0.06550000 0.49050442
0.06650000 0.49057798
0.06750000 0.49076090
0.06850000 0.49063094
0.06950000 0.49094196
0.07050000 0.49096645
0.07150000 0.49051604
0.07250000 0.49126659
0.07350000 0.49142783
0.07450000 0.49174787
0.07550000 0.49143800
0.07650000 0.49194630
0.07750000 0.49223393
0.07850000 0.49230829
0.07950000 0.49282213
0.08050000 0.49252331
0.08150000 0.49283745
0.08250000 0.49311725
0.08350000 0.49318122
0.08450000 0.49337095
0.08550000 0.49370231
0.08650000 0.49392939
0.08750000 0.49438322
0.08850000 0.49429954
0.08950000 0.49472614
0.09050000 0.49491798
0.09150000 0.49520505
0.09250000 0.49561154
0.09350000 0.49582622
0.09450000 0.49630978
0.09550000 0.49641826
0.09650000 0.49648446
0.09750000 0.49712992
0.09850000 0.49758554
0.09950000 0.49796926
0.10050000 0.49843377
0.10150000 0.49892040
0.10250000 0.49939861
0.10350000 0.49986882
0.10450000 0.50034641
0.10550000 0.50080313
0.10650000 0.50131273
0.10750000 0.50179242
0.10850000 0.50229740
0.10950000 0.50276383
0.11050000 0.50328339
0.11150000 0.50378165
0.11250000 0.50431764
0.11350000 0.50488635
0.11450000 0.50538867
0.11550000 0.50616594
0.11650000 0.50655699
0.11750000 0.50725408
0.11850000 0.50768279
0.11950000 0.50809231
0.12050000 0.50921708
0.12150000 0.50935279
0.12250000 0.50999287
0.12350000 0.51060189
0.12450000 0.51093549
0.12550000 0.51222164
0.12650000 0.51229239
0.12750000 0.51313729
0.12850000 0.51363130
0.12950000 0.51389174
0.13050000 0.51646949
0.13150000 0.51564002
0.13250000 0.51597023
0.13350000 0.51747656
0.13450000 0.51745212
0.13550000 0.51807074
0.13650000 0.51860878
0.13750000 0.52123983
0.13850000 0.51901374
0.13950000 0.51798205
0.14050000 0.51966984
0.14150000 0.51697437
0.14250000 0.51723818
0.14350000 0.51531010
0.14450000 0.51465286
0.14550000 0.51416165
0.14650000 0.51345238
0.14750000 0.51272559
0.14850000 0.51219709
0.14950000 0.51115097
0.15050000 0.51164206
0.15150000 0.51079371
0.15250000 0.51000864
0.15350000 0.50899848
0.15450000 0.50896329
0.15550000 0.50808192
0.15650000 0.50751401
0.15750000 0.50731387
0.15850000 0.50639865
0.15950000 0.50562691
0.16050000 0.50544520
0.16150000 0.50480912
0.16250000 0.50424133
0.16350000 0.50372252
0.16450000 0.50337645
0.16550000 0.50283760
0.16650000 0.50233819
0.16750000 0.50187993
0.16850000 0.50149367
0.16950000 0.50103230
0.17050000 0.50059464
0.17150000 0.50017321
0.17250000 0.49976842
0.17350000 0.49935832
0.17450000 0.49901887
0.17550000 0.49848843
0.17650000 0.49828754
0.17750000 0.49792321
0.17850000 0.49750433
0.17950000 0.49738020
0.18050000 0.49677437
0.18150000 0.49665796
0.18250000 0.49640262
0.18350000 0.49614046
0.18450000 0.49575910
0.18550000 0.49545176
0.18650000 0.49517471
0.18750000 0.49509678
0.18850000 0.49465387
0.18950000 0.49477974
0.19050000 0.49423012
0.19150000 0.49425150
0.19250000 0.49386911
0.19350000 0.49368092
0.19450000 0.49361879
0.19550000 0.49139862
0.19650000 0.49320357
0.19750000 0.49302546
0.19850000 0.49287625
0.19950000 0.49287208
0.20050000 0.49246637
0.20150000 0.49241452
0.20250000 0.49231207
0.20350000 0.49214295
0.20450000 0.49186544
0.20550000 0.49098829
0.20650000 0.49131001
0.20750000 0.49182007
0.20850000 0.49166919
0.20950000 0.49177832
0.21050000 0.49130445
0.21150000 0.49151140
0.21250000 0.49189471
0.21350000 0.49147913
0.21450000 0.49193339
0.21550000 0.49164579
0.21650000 0.49162870
0.21750000 0.49181501
0.21850000 0.49177049
0.21950000 0.49187663
0.22050000 0.49165542
0.22150000 0.49185124
0.22250000 0.49176366
0.22350000 0.49202229
0.22450000 0.49197386
0.22550000 0.49207673
0.22650000 0.49227639
0.22750000 0.49224248
0.22850000 0.49222965
0.22950000 0.49253461
0.23050000 0.49246075
0.23150000 0.49246379
0.23250000 0.49275125
0.23350000 0.49282391
0.23450000 0.49297776
0.23550000 0.49300663
0.23650000 0.49337718
0.23750000 0.49341777
0.23850000 0.49361862
0.23950000 0.49373938
0.24050000 0.49346359
0.24150000 0.49396482
0.24250000 0.49419928
0.24350000 0.49421835
0.24450000 0.49439814
0.24550000 0.49439010
0.24650000 0.49481492
0.24750000 0.49486112
0.24850000 0.49490251
0.24950000 0.49495112
0.25050000 0.49501978
0.25150000 0.49544183
0.25250000 0.49572433
0.25350000 0.49583411
0.25450000 0.49596177
0.25550000 0.49592331
0.25650000 0.49632342
0.25750000 0.49637822
0.25850000 0.49663586
0.25950000 0.49690175
0.26050000 0.49688805
0.26150000 0.49711304
0.26250000 0.49736190
0.26350000 0.49762761
0.26450000 0.49780319
0.26550000 0.49794889
0.26650000 0.49819082
0.26750000 0.49838123
0.26850000 0.49859903
0.26950000 0.49883341
0.27050000 0.49895788
0.27150000 0.49921532
0.27250000 0.49938619
0.27350000 0.49957209
0.27450000 0.49979509
0.27550000 0.50005773
0.27650000 0.50037409
0.27750000 0.50050978
0.27850000 0.50072878
0.27950000 0.50106352
0.28050000 0.50136526
0.28150000 0.50146609
0.28250000 0.50167673
0.28350000 0.50190599
0.28450000 0.50237801
0.28550000 0.50247636
0.28650000 0.50261591
0.28750000 0.50278319
0.28850000 0.50381051
0.28950000 0.50317288
0.29050000 0.50369764
0.29150000 0.50369539
0.29250000 0.50393120
0.29350000 0.50432273
0.29450000 0.50453129
0.29550000 0.50488748
0.29650000 0.50469984
0.29750000 0.50503780
0.29850000 0.50533777
0.29950000 0.50523272
0.30050000 0.50588256
0.30150000 0.50587437
0.30250000 0.50689987
0.30350000 0.50599500
0.30450000 0.50647687
0.30550000 0.50660680
0.30650000 0.50694101
0.30750000 0.50693770
0.30850000 0.50727190
0.30950000 0.50742557
0.31050000 0.51160640
0.31150000 0.50836805
0.31250000 0.50804272
0.31350000 0.50827011
0.31450000 0.50848870
0.31550000 0.50874028
0.31650000 0.50885180
0.31750000 0.50914114
0.31850000 0.50965849
0.31950000 0.50950752
0.32050000 0.51189134
0.32150000 0.51067594
0.32250000 0.51209354
0.32350000 0.51040596
0.32450000 0.51043665
0.32550000 0.50943668
0.32650000 0.50962798
0.32750000 0.50860152
0.32850000 0.50851042
0.32950000 0.50818935
0.33050000 0.50763861
0.33150000 0.50754270
0.33250000 0.50739139
0.33350000 0.50695602
0.33450000 0.50615075
0.33550000 0.50565615
0.33650000 0.50537493
0.33750000 0.50517672
0.33850000 0.50514877
0.33950000 0.50456131
0.34050000 0.50482421
0.34150000 0.50484893
0.34250000 0.50406503
0.34350000 0.50334371
0.34450000 0.50337959
0.34550000 0.50318547
0.34650000 0.50298778
0.34750000 0.50260056
0.34850000 0.50244263
0.34950000 0.50222118
0.35050000 0.50205765
0.35150000 0.50165937
0.35250000 0.50149927
0.35350000 0.50127221
0.35450000 0.50109448
0.35550000 0.50103604
0.35650000 0.50073363
0.35750000 0.50055460
0.35850000 0.50038112
0.35950000 0.50022409
0.36050000 0.50007703
0.36150000 0.49992237
0.36250000 0.49977363
0.36350000 0.49963972
0.36450000 0.49945522
0.36550000 0.49934350
0.36650000 0.49923051
0.36750000 0.49911616
0.36850000 0.49901695
0.36950000 0.49889737
0.37050000 0.49874780
0.37150000 0.49864165
0.37250000 0.49853765
0.37350000 0.49830259
0.37450000 0.49841466
0.37550000 0.49826038
0.37650000 0.49818910
0.37750000 0.49820903
0.37850000 0.49809972
0.37950000 0.49801322
0.38050000 0.49787142
0.38150000 0.49777234
0.38250000 0.49757827
0.38350000 0.49771541
0.38450000 0.49772291
0.38550000 0.49763421
0.38650000 0.49753672
0.38750000 0.49759856
0.38850000 0.49751142
0.38950000 0.49738343
0.39050000 0.49738332
0.39150000 0.49706398
0.39250000 0.49729535
0.39350000 0.49729957
0.39450000 0.49728670
0.39550000 0.49730739
0.39650000 0.49714852
0.39750000 0.49704823
0.39850000 0.49724009
0.39950000 0.49733217
0.40050000 0.49662979
0.40150000 0.49724118
0.40250000 0.49724563
0.40350000 0.49721467
0.40450000 0.49720009
0.40550000 0.49718561
0.40650000 0.49709117
0.40750000 0.49717746
0.40850000 0.49672810
0.40950000 0.49598102
0.41050000 0.49699594
0.41150000 0.49725487
0.41250000 0.49722572
0.41350000 0.49718219
0.41450000 0.49722508
0.41550000 0.49667691
0.41650000 0.49669304
0.41750000 0.49685228
0.41850000 0.49683999
0.41950000 0.49683910
0.42050000 0.49656725
0.42150000 0.49700649
0.42250000 0.49700755
0.42350000 0.49727592
0.42450000 0.49710320
0.42550000 0.49714665
0.42650000 0.49676378
0.42750000 0.49645486
0.42850000 0.49734592
0.42950000 0.49726206
0.43050000 0.49728787
0.43150000 0.49758225
0.43250000 0.49735535
0.43350000 0.49752617
0.43450000 0.49750681
0.43550000 0.49707450
0.43650000 0.49770606
0.43750000 0.49758023
0.43850000 0.49754148
0.43950000 0.49774744
0.44050000 0.49758195
0.44150000 0.49792409
0.44250000 0.49789981
0.44350000 0.49787546
0.44450000 0.49760156
0.44550000 0.49793151
0.44650000 0.49792519
0.44750000 0.49757073
0.44850000 0.49773615
0.44950000 0.49815553
0.45050000 0.49802747
0.45150000 0.49808190
0.45250000 0.49815923
0.45350000 0.49790208
0.45450000 0.49830742
0.45550000 0.49811291
0.45650000 0.49796478
0.45750000 0.49805922
0.45850000 0.49806669
0.45950000 0.49823775
0.46050000 0.49824004
0.46150000 0.49837792
0.46250000 0.49712901
0.46350000 0.49843101
0.46450000 0.49856425
0.46550000 0.49862603
0.46650000 0.49866681
0.46750000 0.49856836
0.46850000 0.49846842
0.46950000 0.49875242
0.47050000 0.49842473
0.47150000 0.49772500
0.47250000 0.49653439
0.47350000 0.49659279
0.47450000 0.49887039
0.47550000 0.49891400
0.47650000 0.49894814
0.47750000 0.49880417
0.47850000 0.49870677
0.47950000 0.49906698
0.48050000 0.49849029
0.48150000 0.49892601
0.48250000 0.49888329
0.48350000 0.49818721
0.48450000 0.49785493
0.48550000 0.49793344
0.48650000 0.49886705
0.48750000 0.49910272
0.48850000 0.49887301
0.48950000 0.49933138
0.49050000 0.49926484
0.49150000 0.49940531
0.49250000 0.49946879
0.49350000 0.49950118
0.49450000 0.49954436
0.49550000 0.49960406
0.49650000 0.49961761
0.49750000 0.49964665
0.49850000 0.49959452
0.49950000 0.49970367
0.50050000 0.49969890
0.50150000 0.49979433
0.50250000 0.49982313
0.50350000 0.49985322
0.50450000 0.49989339
0.50550000 0.49992350
0.50650000 0.49995253
0.50750000 0.49998336
0.50850000 0.50002131
0.50950000 0.50004471
0.51050000 0.50008070
0.51150000 0.50010608
0.51250000 0.50014823
0.51350000 0.50017132
0.51450000 0.50024786
0.51550000 0.50045776
0.51650000 0.50074241
0.51750000 0.50052981
0.51850000 0.50031652
0.51950000 0.50029809
0.52050000 0.50035281
0.52150000 0.50037032
0.52250000 0.50042527
0.52350000 0.50041769
0.52450000 0.50049198
0.52550000 0.50047454
0.52650000 0.50063756
0.52750000 0.50075694
0.52850000 0.50113796
0.52950000 0.50148325
0.53050000 0.50129500
0.53150000 0.50091610
0.53250000 0.50083884
0.53350000 0.50113321
0.53450000 0.50067543
0.53550000 0.50075443
0.53650000 0.50077173
0.53750000 0.50080943
0.53850000 0.50080473
0.53950000 0.50084126
0.54050000 0.50096362
0.54150000 0.50082703
0.54250000 0.50111348
0.54350000 0.50093399
0.54450000 0.50104635
0.54550000 0.50104586
0.54650000 0.50112403
0.54750000 0.50120959
0.54850000 0.50114492
0.54950000 0.50124640
0.55050000 0.50121112
0.55150000 0.50137028
0.55250000 0.50107094
0.55350000 0.50128985
0.55450000 0.50132329
0.55550000 0.50117181
0.55650000 0.50156968
0.55750000 0.50130559
0.55850000 0.50133486
0.55950000 0.50140994
0.56050000 0.50157291
0.56150000 0.50133337
0.56250000 0.50154451
0.56350000 0.50145166
0.56450000 0.50154102
0.56550000 0.50137929
0.56650000 0.50161592
0.56750000 0.50143165
0.56850000 0.50174602
0.56950000 0.50181087
0.57050000 0.50193064
0.57150000 0.50160167
0.57250000 0.50182833
0.57350000 0.50203331
0.57450000 0.50201054
0.57550000 0.50196584
0.57650000 0.50301500
0.57750000 0.50192880
0.57850000 0.50240105
0.57950000 0.50182029
0.58050000 0.50151988
0.58150000 0.50168341
0.58250000 0.50181998
0.58350000 0.50155538
0.58450000 0.50172606
0.58550000 0.50168876
0.58650000 0.50190410
0.58750000 0.50210853
0.58850000 0.50242233
0.58950000 0.50186551
0.59050000 0.50223179
0.59150000 0.50271419
0.59250000 0.50182638
0.59350000 0.50177478
0.59450000 0.50165004
0.59550000 0.50157648
0.59650000 0.50247289
0.59750000 0.50165920
0.59850000 0.50183098
0.59950000 0.50175957
0.60050000 0.50166543
0.60150000 0.50156598
0.60250000 0.50141520
0.60350000 0.50151237
0.60450000 0.50160380
0.60550000 0.50140734
0.60650000 0.50153295
0.60750000 0.50124086
0.60850000 0.50140528
0.60950000 0.50121919
0.61050000 0.50124856
0.61150000 0.50133709
0.61250000 0.50103192
0.61350000 0.50163641
0.61450000 0.50101265
0.61550000 0.50096410
0.61650000 0.50081437
0.61750000 0.50080809
0.61850000 0.50087682
0.61950000 0.50057658
0.62050000 0.50067163
0.62150000 0.50072013
0.62250000 0.50084351
0.62350000 0.50058922
0.62450000 0.50049759
0.62550000 0.50049051
0.62650000 0.50044839
0.62750000 0.50039546
0.62850000 0.50050089
0.62950000 0.50039878
0.63050000 0.50042829
0.63150000 0.50044121
0.63250000 0.50034431
0.63350000 0.50039324
0.63450000 0.50033169
0.63550000 0.50033567
0.63650000 0.50023986
0.63750000 0.50027248
0.63850000 0.50025081
0.63950000 0.50031178
0.64050000 0.50030938
0.64150000 0.50019680
0.64250000 0.50015254
0.64350000 0.50012190
0.64450000 0.50009362
0.64550000 0.50009079
0.64650000 0.50008762
0.64750000 0.50007036
0.64850000 0.50005940
0.64950000 0.50007145
0.65050000 0.50003080
0.65150000 0.50001396
0.65250000 0.50000173
0.65350000 0.49998950
0.65450000 0.49998440
0.65550000 0.49996744
0.65650000 0.49995046
0.65750000 0.49994549
0.65850000 0.49989796
0.65950000 0.49992071
0.66050000 0.49991094
0.66150000 0.49990920
0.66250000 0.49991602
0.66350000 0.49988648
0.66450000 0.49988410
0.66550000 0.49987051
0.66650000 0.49987342
0.66750000 0.49969193
0.66850000 0.49984272
0.66950000 0.49987010
0.67050000 0.49982508
0.67150000 0.49981583
0.67250000 0.49981676
0.67350000 0.49980414
0.67450000 0.49981888
0.67550000 0.49979675
0.67650000 0.49972701
0.67750000 0.49783279
0.67850000 0.49978673
0.67950000 0.49977582
0.68050000 0.49976819
0.68150000 0.49966951
0.68250000 0.49974388
0.68350000 0.49968298
0.68450000 0.49952721
0.68550000 0.49967259
0.68650000 0.49962655
0.68750000 0.49921020
0.68850000 0.49955707
0.68950000 0.49962626
0.69050000 0.49971985
0.69150000 0.49981125
0.69250000 0.49977604
0.69350000 0.49730511
0.69450000 0.49975887
0.69550000 0.49976914
0.69650000 0.49976194
0.69750000 0.49974412
0.69850000 0.49979304
0.69950000 0.49955654
0.70050000 0.49977429
0.70150000 0.49972214
0.70250000 0.49976354
0.70350000 0.49973616
0.70450000 0.49976763
0.70550000 0.49974579
0.70650000 0.49968039
0.70750000 0.49977539
0.70850000 0.49972143
0.70950000 0.49974953
0.71050000 0.49971017
0.71150000 0.49979202
0.71250000 0.49971895
0.71350000 0.49978983
0.71450000 0.49957767
0.71550000 0.49972533
0.71650000 0.49977122
0.71750000 0.49971858
0.71850000 0.49982338
0.71950000 0.49978852
0.72050000 0.49978981
0.72150000 0.49978002
0.72250000 0.49967209
0.72350000 0.49976002
0.72450000 0.49981909
0.72550000 0.49980169
0.72650000 0.49973293
0.72750000 0.49979773
0.72850000 0.49978777
0.72950000 0.49970896
0.73050000 0.49964915
0.73150000 0.49980651
0.73250000 0.49969680
0.73350000 0.49970672
0.73450000 0.49968730
0.73550000 0.49977842
0.73650000 0.49975081
0.73750000 0.49964918
0.73850000 0.49912692
0.73950000 0.49974484
0.74050000 0.48938752
0.74150000 0.49981242
0.74250000 0.49982454
0.74350000 0.49980968
0.74450000 0.49984941
0.74550000 0.49979782
0.74650000 0.49973630
0.74750000 0.49972523
0.74850000 0.49980781
0.74950000 0.49981129
0.75050000 0.49970092
0.75150000 0.49983759
0.75250000 0.49966361
0.75350000 0.49982114
0.75450000 0.49980065
0.75550000 0.49977995
0.75650000 0.49982298
0.75750000 0.49980717
0.75850000 0.49979123
0.75950000 0.49976514
0.76050000 0.49975891
0.76150000 0.49978293
0.76250000 0.49972605
0.76350000 0.49980118
0.76450000 0.49974389
0.76550000 0.49964493
0.76650000 0.49983975
0.76750000 0.49986500
0.76850000 0.49971838
0.76950000 0.49946054
0.77050000 0.49968444
0.77150000 0.49962506
0.77250000 0.49967658
0.77350000 0.49977644
0.77450000 0.49972750
0.77550000 0.49975330
0.77650000 0.49975240
0.77750000 0.49978393
0.77850000 0.49979944
0.77950000 0.49982051
0.78050000 0.49980900
0.78150000 0.49949085
0.78250000 0.49982975
0.78350000 0.49981270
0.78450000 0.49985634
0.78550000 0.49980605
0.78650000 0.49974993
0.78750000 0.49973810
0.78850000 0.49969270
0.78950000 0.49981514
0.79050000 0.49959004
0.79150000 0.49979733
0.79250000 0.49984764
0.79350000 0.49985860
0.79450000 0.49982428
0.79550000 0.49982390
0.79650000 0.49985769
0.79750000 0.49988592
0.79850000 0.49987427
0.79950000 0.49983968
0.80050000 0.49982219
0.80150000 0.49985061
0.80250000 0.49993669
0.80350000 0.49988472
0.80450000 0.49988454
0.80550000 0.49981500
0.80650000 0.49986106
0.80750000 0.49990146
0.80850000 0.49987812
0.80950000 0.49986636
0.81050000 0.49992438
0.81150000 0.49986608
0.81250000 0.49984846
0.81350000 0.49988333
0.81450000 0.49990075
0.81550000 0.49990652
0.81650000 0.49990645
0.81750000 0.49994735
0.81850000 0.49990634
0.81950000 0.49993558
0.82050000 0.49991798
0.82150000 0.49991209
0.82250000 0.49990620
0.82350000 0.49989445
0.82450000 0.49991789
0.82550000 0.49994721
0.82650000 0.49993548
0.82750000 0.49992962
0.82850000 0.49997068
0.82950000 0.49995896
0.83050000 0.49995897
0.83150000 0.49984177
0.83250000 0.49994728
0.83350000 0.49992973
0.83450000 0.49992392
0.83550000 0.49994151
0.83650000 0.49998831
0.83750000 0.49994159
0.83850000 0.49995914
0.83950000 0.49998250
0.84050000 0.49941735
0.84150000 0.49992433
0.84250000 0.49997674
0.84350000 0.49988384
0.84450000 0.49995359
0.84550000 0.49995944
0.84650000 0.49996528
0.84750000 0.49995377
0.84850000 0.49996538
0.84950000 0.49998272
0.85050000 0.49995398
0.85150000 0.49997703
0.85250000 0.49998280
0.85350000 0.49998283
0.85450000 0.49997716
0.85550000 0.49993160
0.85650000 0.49999431
0.85750000 0.49997162
0.85850000 0.49998867
0.85950000 0.49997739
0.86050000 0.49997745
0.86150000 0.49999438
0.86250000 0.49999439
0.86350000 0.49998881
0.86450000 0.49998325
0.86550000 0.50000000
0.86650000 0.49998334
0.86750000 0.49999446
0.86850000 0.49996688
0.86950000 0.49999450
0.87050000 0.49999451
0.87150000 0.49997266
0.87250000 0.49999455
0.87350000 0.49998370
0.87450000 0.49998917
0.87550000 0.49997842
0.87650000 0.49998925
0.87750000 0.49999464
0.87850000 0.49997866
0.87950000 0.49999468
0.88050000 0.49998941
0.88150000 0.49999473
0.88250000 0.49998424
0.88350000 0.49999477
0.88450000 0.49997917
0.88550000 0.50000000
0.88650000 0.49998452
0.88750000 0.49999486
0.88850000 0.49998977
0.88950000 0.50000000
0.89050000 0.49998987
0.89150000 0.49999496
0.89250000 0.50000000
0.89350000 0.49998504
0.89450000 0.50000000
0.89550000 0.49999506
0.89650000 0.50000000
0.89750000 0.49999024
0.89850000 0.49999029
0.89950000 0.50000000
0.90050000 0.49926147
0.90150000 0.49999047
0.90250000 0.49999526
0.90350000 0.50000000
0.90450000 0.50000000
0.90550000 0.49999535
0.90650000 0.49999538
0.90750000 0.49999542
0.90850000 0.49995903
0.90950000 0.49999548
0.91050000 0.50000000
0.91150000 0.49999555
0.91250000 0.49999116
0.91350000 0.49999561
0.91450000 0.49999565
0.91550000 0.50000000
0.91650000 0.50000000
0.91750000 0.50000000
0.91850000 0.50000000
0.91950000 0.49999582
0.92050000 0.50000000
0.92150000 0.50000000
0.92250000 0.49999187
0.92350000 0.49996374
0.92450000 0.50000000
0.92550000 0.49999209
0.92650000 0.50000000
0.92750000 0.50000000
0.92850000 0.50000000
0.92950000 0.49998861
0.93050000 0.49998122
0.93150000 0.50000000
0.93250000 0.49999633
0.93350000 0.50000000
0.93450000 0.50000000
0.93550000 0.50000000
0.93650000 0.49999649
0.93750000 0.50000000
0.93850000 0.50000000
0.93950000 0.50000000
0.94050000 0.49999667
0.94150000 0.50000000
0.94250000 0.50000000
0.94350000 0.49999680
0.94450000 0.50000000
0.94550000 0.50000000
0.94650000 0.50000000
0.94750000 0.50000000
0.94850000 0.50000000
0.94950000 0.50000000
0.95050000 0.50000000
0.95150000 0.50000000
0.95250000 0.50000000
0.95350000 0.50000000
0.95450000 0.50000000
0.95550000 0.50000000
0.95650000 0.49998201
0.95750000 0.50000000
0.95850000 0.50000000
0.95950000 0.50000000
0.96050000 0.50000000
0.96150000 0.49999769
0.96250000 0.50000000
0.96350000 0.49999779
0.96450000 0.50000000
0.96550000 0.50000000
0.96650000 0.50000000
0.96750000 0.50000000
0.96850000 0.50000000
0.96950000 0.50000000
0.97050000 0.49999818
0.97150000 0.49999823
0.97250000 0.50000000
0.97350000 0.50000000
0.97450000 0.50000000
0.97550000 0.50000000
0.97650000 0.50000000
0.97750000 0.50000000
0.97850000 0.50000000
0.97950000 0.50000000
0.98050000 0.50000000
0.98150000 0.49999172
0.98250000 0.50000000
0.98350000 0.50000000
0.98450000 0.49999800
0.98550000 0.50000000
0.98650000 0.50000000
0.98750000 0.50000000
0.98850000 0.50000000
0.98950000 0.50000000
0.99050000 0.50000000
0.99150000 0.50000000
0.99250000 0.50000000
0.99350000 0.50000000
0.99450000 0.50000000
0.99550000 0.50000000
0.99650000 0.49999977
0.99750000 0.50000000
0.99850000 0.50000000
0.99950000 0.49999983
