0.00050000 0.49987368
0.00150000 0.49968444
0.00250000 0.49957741
0.00350000 0.49954980
0.00450000 0.49945415
0.00550000 0.49934551
0.00650000 0.49930642
0.00750000 0.49927562
0.00850000 0.49914841
0.00950000 0.49921701
0.01050000 0.49903540
0.01150000 0.49898075
0.01250000 0.49890296
0.01350000 0.49859727
0.01450000 0.49877223
0.01550000 0.49862138
0.01650000 0.49802269
0.01750000 0.49865343
0.01850000 0.49849101
0.01950000 0.49856429
0.02050000 0.49761764
0.02150000 0.49828548
0.02250000 0.49834322
0.02350000 0.49792898
0.02450000 0.49827569
0.02550000 0.49832075
0.02650000 0.49811261
0.02750000 0.49835002
0.02850000 0.49813577
0.02950000 0.49842669
0.03050000 0.49810118
0.03150000 0.49821313
0.03250000 0.49824329
0.03350000 0.49802642
0.03450000 0.49799426
0.03550000 0.49797836
0.03650000 0.49778953
0.03750000 0.49788275
0.03850000 0.49755046
0.03950000 0.49759861
0.04050000 0.49715022
0.04150000 0.49748354
0.04250000 0.49754759
0.04350000 0.49720788
0.04450000 0.49751610
0.04550000 0.49718309
0.04650000 0.49699062
0.04750000 0.49725981
0.04850000 0.49715737
0.04950000 0.49671833
0.05050000 0.49712668
0.05150000 0.49706810
0.05250000 0.49711695
0.05350000 0.49676906
0.05450000 0.49716980
0.05550000 0.49691638
0.05650000 0.49646194
0.05750000 0.49711108
0.05850000 0.49707632
0.05950000 0.49723506
0.06050000 0.49672601
0.06150000 0.49695330
0.06250000 0.49728856
0.06350000 0.49673351
0.06450000 0.49740868
0.06550000 0.49723256
0.06650000 0.49710702
0.06750000 0.49764940
0.06850000 0.49753030
0.06950000 0.49765145
0.07050000 0.49764550
0.07150000 0.49795575
0.07250000 0.49795993
0.07350000 0.49803241
0.07450000 0.49831830
0.07550000 0.49840318
0.07650000 0.49845685
0.07750000 0.49868998
0.07850000 0.49861817
0.07950000 0.49892371
0.08050000 0.49899264
0.08150000 0.49896810
0.08250000 0.49929623
0.08350000 0.49945281
0.08450000 0.49964004
0.08550000 0.49981845
0.08650000 0.50003040
0.08750000 0.50026201
0.08850000 0.50051003
0.08950000 0.50079630
0.09050000 0.50113095
0.09150000 0.50126637
0.09250000 0.50161139
0.09350000 0.50185664
0.09450000 0.50207413
0.09550000 0.50249510
0.09650000 0.50308565
0.09750000 0.50290939
0.09850000 0.50328936
0.09950000 0.50426148
0.10050000 0.50437142
0.10150000 0.50431383
0.10250000 0.50469518
0.10350000 0.50514793
0.10450000 0.50567573
0.10550000 0.50625353
0.10650000 0.50592160
0.10750000 0.50660141
0.10850000 0.50712098
0.10950000 0.50891833
0.11050000 0.50718775
0.11150000 0.50676947
0.11250000 0.50700063
0.11350000 0.50674250
0.11450000 0.50655011
0.11550000 0.50591245
0.11650000 0.50585504
0.11750000 0.50559805
0.11850000 0.50635175
0.11950000 0.50460862
0.12050000 0.50470837
0.12150000 0.50462827
0.12250000 0.50420663
0.12350000 0.50382625
0.12450000 0.50340856
0.12550000 0.50327695
0.12650000 0.50315741
0.12750000 0.50306238
0.12850000 0.50232925
0.12950000 0.50199202
0.13050000 0.50187512
0.13150000 0.50149318
0.13250000 0.50118876
0.13350000 0.50092619
0.13450000 0.50068721
0.13550000 0.50038805
0.13650000 0.50016891
0.13750000 0.49988307
0.13850000 0.49965013
0.13950000 0.49934124
0.14050000 0.49914084
0.14150000 0.49894090
0.14250000 0.49873053
0.14350000 0.49841423
0.14450000 0.49840041
0.14550000 0.49771887
0.14650000 0.49782145
0.14750000 0.49748595
0.14850000 0.49737243
0.14950000 0.49735650
0.15050000 0.49687749
0.15150000 0.49679495
0.15250000 0.49642711
0.15350000 0.49646385
0.15450000 0.49588025
0.15550000 0.49624006
0.15650000 0.49576095
0.15750000 0.49586674
0.15850000 0.49579779
0.15950000 0.49579393
0.16050000 0.49528044
0.16150000 0.49575501
0.16250000 0.49521351
0.16350000 0.49477710
0.16450000 0.49549846
0.16550000 0.49521705
0.16650000 0.49516700
0.16750000 0.49537642
0.16850000 0.49526658
0.16950000 0.49507557
0.17050000 0.49526812
0.17150000 0.49520951
0.17250000 0.49471442
0.17350000 0.49507550
0.17450000 0.49533586
0.17550000 0.49557876
0.17650000 0.49537199
0.17750000 0.49544277
0.17850000 0.49535163
0.17950000 0.49577469
0.18050000 0.49555487
0.18150000 0.49529058
0.18250000 0.49582612
0.18350000 0.49609710
0.18450000 0.49610534
0.18550000 0.49624056
0.18650000 0.49629973
0.18750000 0.49666848
0.18850000 0.49663670
0.18950000 0.49692576
0.19050000 0.49676831
0.19150000 0.49720771
0.19250000 0.49737580
0.19350000 0.49764194
0.19450000 0.49784901
0.19550000 0.49798567
0.19650000 0.49826000
0.19750000 0.49849555
0.19850000 0.49876044
0.19950000 0.49893634
0.20050000 0.49925029
0.20150000 0.49956716
0.20250000 0.49983447
0.20350000 0.50012756
0.20450000 0.50046404
0.20550000 0.50074725
0.20650000 0.50112949
0.20750000 0.50139489
0.20850000 0.50179613
0.20950000 0.50229556
0.21050000 0.50253640
0.21150000 0.50299065
0.21250000 0.50328448
0.21350000 0.50389810
0.21450000 0.50415364
0.21550000 0.50451270
0.21650000 0.50497504
0.21750000 0.50531641
0.21850000 0.50629385
0.21950000 0.50605141
0.22050000 0.50673318
0.22150000 0.50721937
0.22250000 0.50770782
0.22350000 0.50787354
0.22450000 0.50835866
0.22550000 0.50941793
0.22650000 0.50927875
0.22750000 0.51050370
0.22850000 0.50916644
0.22950000 0.50898539
0.23050000 0.50842420
0.23150000 0.50797717
0.23250000 0.50690929
0.23350000 0.50719606
0.23450000 0.50607498
0.23550000 0.50593829
0.23650000 0.50548563
0.23750000 0.50515244
0.23850000 0.50445659
0.23950000 0.50410045
0.24050000 0.50391733
0.24150000 0.50330701
0.24250000 0.50302834
0.24350000 0.50262874
0.24450000 0.50227007
0.24550000 0.50196731
0.24650000 0.50157687
0.24750000 0.50127373
0.24850000 0.50093675
0.24950000 0.50057935
0.25050000 0.50035606
0.25150000 0.50003932
0.25250000 0.49975674
0.25350000 0.49949180
0.25450000 0.49921665
0.25550000 0.49897226
0.25650000 0.49872447
0.25750000 0.49851652
0.25850000 0.49829969
0.25950000 0.49813176
0.26050000 0.49777322
0.26150000 0.49774068
0.26250000 0.49752616
0.26350000 0.49729330
0.26450000 0.49717994
0.26550000 0.49703916
0.26650000 0.49676671
0.26750000 0.49685076
0.26850000 0.49648218
0.26950000 0.49643446
0.27050000 0.49638681
0.27150000 0.49627469
0.27250000 0.49598052
0.27350000 0.49594120
0.27450000 0.49602597
0.27550000 0.49571524
0.27650000 0.49587666
0.27750000 0.49558638
0.27850000 0.49581923
0.27950000 0.49576285
0.28050000 0.49570974
0.28150000 0.49533557
0.28250000 0.49580662
0.28350000 0.49548924
0.28450000 0.49577799
0.28550000 0.49572399
0.28650000 0.49556656
0.28750000 0.49574173
0.28850000 0.49572369
0.28950000 0.49594744
0.29050000 0.49559612
0.29150000 0.49575320
0.29250000 0.49595951
0.29350000 0.49605082
0.29450000 0.49613757
0.29550000 0.49595595
0.29650000 0.49635567
0.29750000 0.49635621
0.29850000 0.49650647
0.29950000 0.49706509
0.30050000 0.49606195
0.30150000 0.49684704
0.30250000 0.49693664
0.30350000 0.49715775
0.30450000 0.49712440
0.30550000 0.49743381
0.30650000 0.49750492
0.30750000 0.49777207
0.30850000 0.49784007
0.30950000 0.49808218
0.31050000 0.49818884
0.31150000 0.49848804
0.31250000 0.49867483
0.31350000 0.49882062
0.31450000 0.49910463
0.31550000 0.49927578
0.31650000 0.49948101
0.31750000 0.49968818
0.31850000 0.49988065
0.31950000 0.50009673
0.32050000 0.50032191
0.32150000 0.50051475
0.32250000 0.50075909
0.32350000 0.50096726
0.32450000 0.50115654
0.32550000 0.50143189
0.32650000 0.50166811
0.32750000 0.50199077
0.32850000 0.50207885
0.32950000 0.50226074
0.33050000 0.50261158
0.33150000 0.50296476
0.33250000 0.50295469
0.33350000 0.50349290
0.33450000 0.50353080
0.33550000 0.50387986
0.33650000 0.50417132
0.33750000 0.50448507
0.33850000 0.50457347
0.33950000 0.50482453
0.34050000 0.50541847
0.34150000 0.50554183
0.34250000 0.50584529
0.34350000 0.50601257
0.34450000 0.50628333
0.34550000 0.50685019
0.34650000 0.50705325
0.34750000 0.50752061
0.34850000 0.50674197
0.34950000 0.50705678
0.35050000 0.50583802
0.35150000 0.50554269
0.35250000 0.50559426
0.35350000 0.50497877
0.35450000 0.50485302
0.35550000 0.50449972
0.35650000 0.50403619
0.35750000 0.50389566
0.35850000 0.50345873
0.35950000 0.50309873
0.36050000 0.50308961
0.36150000 0.50267764
0.36250000 0.50236223
0.36350000 0.50216626
0.36450000 0.50185039
0.36550000 0.50157855
0.36650000 0.50141222
0.36750000 0.50107313
0.36850000 0.50093318
0.36950000 0.50066874
0.37050000 0.50045914
0.37150000 0.50025099
0.37250000 0.50004479
0.37350000 0.49984650
0.37450000 0.49967048
0.37550000 0.49945771
0.37650000 0.49930055
0.37750000 0.49913425
0.37850000 0.49899345
0.37950000 0.49894296
0.38050000 0.49858735
0.38150000 0.49853720
0.38250000 0.49839079
0.38350000 0.49838323
0.38450000 0.49814474
0.38550000 0.49806607
0.38650000 0.49794382
0.38750000 0.49810148
0.38850000 0.49790961
0.38950000 0.49801443
0.39050000 0.49764771
0.39150000 0.49764562
0.39250000 0.49774702
0.39350000 0.49771689
0.39450000 0.49766654
0.39550000 0.49747051
0.39650000 0.49763739
0.39750000 0.49750398
0.39850000 0.49756847
0.39950000 0.49740141
0.40050000 0.49719974
0.40150000 0.49748213
0.40250000 0.49739852
0.40350000 0.49734331
0.40450000 0.49717329
0.40550000 0.49738927
0.40650000 0.49740146
0.40750000 0.49741371
0.40850000 0.49728775
0.40950000 0.49726191
0.41050000 0.49761294
0.41150000 0.49752646
0.41250000 0.49752054
0.41350000 0.49743886
0.41450000 0.49772937
0.41550000 0.49763707
0.41650000 0.49771162
0.41750000 0.49775073
0.41850000 0.49773050
0.41950000 0.49803650
0.42050000 0.49782553
0.42150000 0.49808538
0.42250000 0.49793412
0.42350000 0.49812107
0.42450000 0.49819712
0.42550000 0.49815962
0.42650000 0.49821665
0.42750000 0.49832160
0.42850000 0.49838753
0.42950000 0.49853087
0.43050000 0.49845705
0.43150000 0.49849950
0.43250000 0.49858304
0.43350000 0.49855818
0.43450000 0.49863157
0.43550000 0.49873421
0.43650000 0.49874101
0.43750000 0.49883100
0.43850000 0.49886085
0.43950000 0.49904127
0.44050000 0.49894328
0.44150000 0.49910794
0.44250000 0.49908930
0.44350000 0.49925640
0.44450000 0.49923895
0.44550000 0.49931459
0.44650000 0.49933948
0.44750000 0.49945867
0.44850000 0.49951369
0.44950000 0.49958276
0.45050000 0.49963976
0.45150000 0.49969632
0.45250000 0.49977691
0.45350000 0.49983239
0.45450000 0.49991476
0.45550000 0.49998921
0.45650000 0.50006047
0.45750000 0.50013652
0.45850000 0.50020617
0.45950000 0.50030757
0.46050000 0.50033488
0.46150000 0.50042141
0.46250000 0.50054763
0.46350000 0.50059311
0.46450000 0.50065816
0.46550000 0.50068454
0.46650000 0.50081651
0.46750000 0.50084444
0.46850000 0.50095446
0.46950000 0.50099860
0.47050000 0.50106370
0.47150000 0.50118257
0.47250000 0.50118718
0.47350000 0.50135623
0.47450000 0.50141175
0.47550000 0.50158498
0.47650000 0.50148721
0.47750000 0.50169075
0.47850000 0.50184004
0.47950000 0.50155670
0.48050000 0.50209806
0.48150000 0.50204796
0.48250000 0.50225175
0.48350000 0.50222395
0.48450000 0.50224748
0.48550000 0.50220873
0.48650000 0.50272489
0.48750000 0.50254275
0.48850000 0.50269430
0.48950000 0.50267814
0.49050000 0.50303634
0.49150000 0.50307602
0.49250000 0.50300724
0.49350000 0.50317957
0.49450000 0.50324303
0.49550000 0.50309180
0.49650000 0.50302123
0.49750000 0.50299537
0.49850000 0.50280866
0.49950000 0.50206527
0.50050000 0.50306388
0.50150000 0.50225557
0.50250000 0.50218307
0.50350000 0.50200015
0.50450000 0.50204038
0.50550000 0.50177768
0.50650000 0.50176081
0.50750000 0.50154112
0.50850000 0.50160807
0.50950000 0.50129823
0.51050000 0.50144510
0.51150000 0.50121289
0.51250000 0.50113700
0.51350000 0.50111336
0.51450000 0.50090439
0.51550000 0.50087108
0.51650000 0.50084015
0.51750000 0.50074438
0.51850000 0.50062254
0.51950000 0.50051463
0.52050000 0.50051663
0.52150000 0.50040612
0.52250000 0.50033415
0.52350000 0.50027459
0.52450000 0.50020018
0.52550000 0.50013608
0.52650000 0.50006822
0.52750000 0.49999714
0.52850000 0.49993254
0.52950000 0.49988336
0.53050000 0.49980475
0.53150000 0.49976439
0.53250000 0.49968741
0.53350000 0.49962937
0.53450000 0.49958565
0.53550000 0.49948902
0.53650000 0.49946489
0.53750000 0.49942976
0.53850000 0.49940910
0.53950000 0.49938509
0.54050000 0.49929374
0.54150000 0.49928891
0.54250000 0.49921704
0.54350000 0.49922924
0.54450000 0.49912281
0.54550000 0.49917150
0.54650000 0.49906648
0.54750000 0.49910172
0.54850000 0.49903557
0.54950000 0.49901606
0.55050000 0.49900044
0.55150000 0.49888657
0.55250000 0.49905912
0.55350000 0.49891997
0.55450000 0.49895901
0.55550000 0.49882465
0.55650000 0.49899377
0.55750000 0.49885256
0.55850000 0.49885266
0.55950000 0.49885751
0.56050000 0.49886722
0.56150000 0.49888128
0.56250000 0.49878696
0.56350000 0.49876109
0.56450000 0.49887588
0.56550000 0.49895503
0.56650000 0.49887119
0.56750000 0.49870373
0.56850000 0.49899264
0.56950000 0.49883830
0.57050000 0.49885380
0.57150000 0.49875345
0.57250000 0.49897163
0.57350000 0.49885252
0.57450000 0.49896418
0.57550000 0.49887849
0.57650000 0.49906502
0.57750000 0.49906597
0.57850000 0.49892752
0.57950000 0.49889616
0.58050000 0.49916953
0.58150000 0.49909946
0.58250000 0.49904254
0.58350000 0.49912096
0.58450000 0.49909922
0.58550000 0.49922193
0.58650000 0.49913612
0.58750000 0.49920650
0.58850000 0.49923058
0.58950000 0.49931814
0.59050000 0.49921199
0.59150000 0.49924220
0.59250000 0.49925465
0.59350000 0.49929223
0.59450000 0.49927933
0.59550000 0.49928953
0.59650000 0.49929542
0.59750000 0.49942824
0.59850000 0.49931455
0.59950000 0.49952656
0.60050000 0.49925794
0.60150000 0.49944277
0.60250000 0.49951101
0.60350000 0.49943417
0.60450000 0.49941695
0.60550000 0.49951090
0.60650000 0.49944885
0.60750000 0.49947728
0.60850000 0.49951567
0.60950000 0.49954272
0.61050000 0.49954432
0.61150000 0.49959039
0.61250000 0.49953726
0.61350000 0.49958153
0.61450000 0.49957163
0.61550000 0.49964673
0.61650000 0.49962452
0.61750000 0.49966549
0.61850000 0.49967314
0.61950000 0.49971695
0.62050000 0.49965016
0.62150000 0.49969526
0.62250000 0.49971598
0.62350000 0.49974721
0.62450000 0.49974548
0.62550000 0.49974514
0.62650000 0.49975252
0.62750000 0.49981698
0.62850000 0.49980600
0.62950000 0.49983449
0.63050000 0.49982129
0.63150000 0.49986738
0.63250000 0.49986714
0.63350000 0.49989846
0.63450000 0.49990474
0.63550000 0.49993102
0.63650000 0.49994052
0.63750000 0.49996619
0.63850000 0.49997940
0.63950000 0.49999800
0.64050000 0.50001765
0.64150000 0.50003089
0.64250000 0.50004782
0.64350000 0.50006091
0.64450000 0.50007635
0.64550000 0.50008850
0.64650000 0.50013191
0.64750000 0.50013010
0.64850000 0.50015199
0.64950000 0.50015917
0.65050000 0.50020356
0.65150000 0.50017372
0.65250000 0.50022324
0.65350000 0.50023859
0.65450000 0.50024295
0.65550000 0.50025586
0.65650000 0.50029864
0.65750000 0.50025966
0.65850000 0.50031753
0.65950000 0.50025181
0.66050000 0.50042976
0.66150000 0.50032562
0.66250000 0.50034306
0.66350000 0.50033877
0.66450000 0.50038168
0.66550000 0.50043615
0.66650000 0.50039653
0.66750000 0.50038523
0.66850000 0.50044779
0.66950000 0.50043312
0.67050000 0.50053139
0.67150000 0.50046451
0.67250000 0.50049639
0.67350000 0.50051837
0.67450000 0.50052231
0.67550000 0.50044880
0.67650000 0.50058208
0.67750000 0.50042132
0.67850000 0.50056104
0.67950000 0.50042627
0.68050000 0.50078664
0.68150000 0.50049135
0.68250000 0.50060972
0.68350000 0.50054928
0.68450000 0.50064005
0.68550000 0.50056372
0.68650000 0.50062166
0.68750000 0.50060784
0.68850000 0.50077875
0.68950000 0.50078323
0.69050000 0.50077770
0.69150000 0.50061757
0.69250000 0.50082410
0.69350000 0.50065324
0.69450000 0.50064252
0.69550000 0.50073010
0.69650000 0.50083861
0.69750000 0.50057893
0.69850000 0.50078759
0.69950000 0.50051079
0.70050000 0.50112541
0.70150000 0.50068691
0.70250000 0.50077397
0.70350000 0.50076796
0.70450000 0.50077678
0.70550000 0.50069361
0.70650000 0.50063136
0.70750000 0.50068611
0.70850000 0.50061867
0.70950000 0.50050959
0.71050000 0.50063349
0.71150000 0.50057881
0.71250000 0.50063349
0.71350000 0.50052150
0.71450000 0.50047805
0.71550000 0.50038786
0.71650000 0.50049238
0.71750000 0.50036274
0.71850000 0.50042256
0.71950000 0.50026547
0.72050000 0.50043570
0.72150000 0.50036397
0.72250000 0.50029869
0.72350000 0.50024589
0.72450000 0.50022213
0.72550000 0.50026360
0.72650000 0.50027877
0.72750000 0.50022685
0.72850000 0.50016479
0.72950000 0.50017572
0.73050000 0.50018979
0.73150000 0.50014679
0.73250000 0.50013820
0.73350000 0.50013139
0.73450000 0.50012561
0.73550000 0.50008333
0.73650000 0.50009268
0.73750000 0.50005980
0.73850000 0.50006555
0.73950000 0.50003512
0.74050000 0.50004386
0.74150000 0.50002438
0.74250000 0.50001357
0.74350000 0.50000131
0.74450000 0.49999041
0.74550000 0.49997997
0.74650000 0.49996366
0.74750000 0.49995917
0.74850000 0.49995244
0.74950000 0.49994192
0.75050000 0.49955050
0.75150000 0.49994351
0.75250000 0.49990341
0.75350000 0.49992205
0.75450000 0.49990367
0.75550000 0.49991358
0.75650000 0.49988972
0.75750000 0.49992109
0.75850000 0.49989550
0.75950000 0.49988464
0.76050000 0.49989429
0.76150000 0.49989618
0.76250000 0.49988477
0.76350000 0.49986963
0.76450000 0.49987917
0.76550000 0.49986004
0.76650000 0.49986270
0.76750000 0.49986232
0.76850000 0.49985198
0.76950000 0.49988031
0.77050000 0.49986649
0.77150000 0.49850780
0.77250000 0.49982522
0.77350000 0.49985200
0.77450000 0.49986656
0.77550000 0.49987576
0.77650000 0.49983267
0.77750000 0.49989973
0.77850000 0.49986414
0.77950000 0.49985553
0.78050000 0.49979742
0.78150000 0.49938796
0.78250000 0.49934036
0.78350000 0.49988126
0.78450000 0.49983118
0.78550000 0.49987443
0.78650000 0.49986997
0.78750000 0.49987176
0.78850000 0.49987802
0.78950000 0.49989984
0.79050000 0.49987379
0.79150000 0.49990997
0.79250000 0.49987423
0.79350000 0.49988157
0.79450000 0.49989392
0.79550000 0.49988279
0.79650000 0.49987869
0.79750000 0.49989177
0.79850000 0.49986537
0.79950000 0.49992675
0.80050000 0.49985417
0.80150000 0.49987567
0.80250000 0.49989513
0.80350000 0.49984879
0.80450000 0.49991413
0.80550000 0.49983719
0.80650000 0.49991222
0.80750000 0.49988910
0.80850000 0.49989075
0.80950000 0.49989248
0.81050000 0.49988856
0.81150000 0.49989903
0.81250000 0.49988353
0.81350000 0.49990891
0.81450000 0.49986957
0.81550000 0.49989535
0.81650000 0.49986130
0.81750000 0.49987840
0.81850000 0.49989275
0.81950000 0.49984869
0.82050000 0.49993777
0.82150000 0.49988717
0.82250000 0.49991161
0.82350000 0.49987921
0.82450000 0.49989759
0.82550000 0.49991302
0.82650000 0.49991247
0.82750000 0.49990866
0.82850000 0.49988841
0.82950000 0.49988115
0.83050000 0.49987051
0.83150000 0.49990652
0.83250000 0.49991273
0.83350000 0.49994602
0.83450000 0.49992201
0.83550000 0.49990799
0.83650000 0.49988359
0.83750000 0.49992777
0.83850000 0.49987563
0.83950000 0.49992714
0.84050000 0.49991987
0.84150000 0.49986708
0.84250000 0.49990169
0.84350000 0.49992247
0.84450000 0.49992926
0.84550000 0.49991838
0.84650000 0.49991099
0.84750000 0.49991785
0.84850000 0.49990686
0.84950000 0.49989581
0.85050000 0.49992435
0.85150000 0.49994582
0.85250000 0.49992396
0.85350000 0.49992378
0.85450000 0.49994180
0.85550000 0.49993804
0.85650000 0.49994157
0.85750000 0.49994878
0.85850000 0.49995235
0.85950000 0.49993393
0.86050000 0.49994486
0.86150000 0.49994479
0.86250000 0.49996683
0.86350000 0.49993728
0.86450000 0.49992983
0.86550000 0.49992978
0.86650000 0.49993343
0.86750000 0.49997039
0.86850000 0.49996298
0.86950000 0.49995185
0.87050000 0.49994814
0.87150000 0.49995184
0.87250000 0.49996666
0.87350000 0.49995555
0.87450000 0.49998148
0.87550000 0.49995928
0.87650000 0.49993710
0.87750000 0.49995193
0.87850000 0.49994827
0.87950000 0.49995570
0.88050000 0.49996312
0.88150000 0.49994843
0.88250000 0.49996321
0.88350000 0.49994489
0.88450000 0.49993396
0.88550000 0.49994140
0.88650000 0.49996709
0.88750000 0.49996715
0.88850000 0.49995629
0.88950000 0.49997092
0.89050000 0.49994561
0.89150000 0.49995659
0.89250000 0.49994226
0.89350000 0.49996401
0.89450000 0.49995693
0.89550000 0.49998569
0.89650000 0.49995005
0.89750000 0.49997155
0.89850000 0.49997165
0.89950000 0.49998234
0.90050000 0.49997536
0.90150000 0.49996143
0.90250000 0.49997555
0.90350000 0.49998261
0.90450000 0.49998268
0.90550000 0.49995171
0.90650000 0.49998970
0.90750000 0.49997949
0.90850000 0.49998980
0.90950000 0.49997631
0.91050000 0.49996633
0.91150000 0.49998325
0.91250000 0.49995336
0.91350000 0.49996356
0.91450000 0.49995718
0.91550000 0.49999673
0.91650000 0.49991863
0.91750000 0.49998059
0.91850000 0.49997108
0.91950000 0.49997765
0.92050000 0.49998098
0.92150000 0.49998426
0.92250000 0.49997812
0.92350000 0.49997828
0.92450000 0.49998153
0.92550000 0.49999389
0.92650000 0.49999091
0.92750000 0.49999399
0.92850000 0.49998510
0.92950000 0.50000000
0.93050000 0.49999707
0.93150000 0.50000000
0.93250000 0.49997988
0.93350000 0.49998292
0.93450000 0.49998309
0.93550000 0.49999163
0.93650000 0.49998067
0.93750000 0.49999454
0.93850000 0.49999730
0.93950000 0.49999198
0.94050000 0.49999472
0.94150000 0.49999478
0.94250000 0.49999227
0.94350000 0.49994398
0.94450000 0.49999497
0.94550000 0.50000000
0.94650000 0.49999511
0.94750000 0.49999759
0.94850000 0.50000000
0.94950000 0.50000000
0.95050000 0.50000000
0.95150000 0.49999545
0.95250000 0.50000000
0.95350000 0.49999560
0.95450000 0.50000000
0.95550000 0.49999575
0.95650000 0.49999791
0.95750000 0.49999385
0.95850000 0.49999397
0.95950000 0.49999606
0.96050000 0.49999807
0.96150000 0.49999811
0.96250000 0.49999630
0.96350000 0.49999638
0.96450000 0.49999470
0.96550000 0.49999655
0.96650000 0.49999832
0.96750000 0.49999344
0.96850000 0.49999840
0.96950000 0.49999689
0.97050000 0.50000000
0.97150000 0.50000000
0.97250000 0.49999716
0.97350000 0.49999725
0.97450000 0.49999867
0.97550000 0.50000000
0.97650000 0.49999753
0.97750000 0.50000000
0.97850000 0.50000000
0.97950000 0.49999891
0.98050000 0.50000000
0.98150000 0.50000000
0.98250000 0.49999906
0.98350000 0.50000000
0.98450000 0.50000000
0.98550000 0.50000000
0.98650000 0.50000000
0.98750000 0.50000000
0.98850000 0.49999873
0.98950000 0.49999942
0.99050000 0.50000000
0.99150000 0.50000000
0.99250000 0.50000000
0.99350000 0.50000000
0.99450000 0.49999969
0.99550000 0.49999974
0.99650000 0.49999960
0.99750000 0.50000000
0.99850000 0.50000000
0.99950000 0.49999988
