0.00050000 0.49980958
0.00150000 0.49952241
0.00250000 0.49935783
0.00350000 0.49931305
0.00450000 0.49916360
0.00550000 0.49899283
0.00650000 0.49892799
0.00750000 0.49887537
0.00850000 0.49867183
0.00950000 0.49877312
0.01050000 0.49848134
0.01150000 0.49838749
0.01250000 0.49825578
0.01350000 0.49775838
0.01450000 0.49802777
0.01550000 0.49777364
0.01650000 0.49678941
0.01750000 0.49780136
0.01850000 0.49752209
0.01950000 0.49762862
0.02050000 0.49604147
0.02150000 0.49713366
0.02250000 0.49721277
0.02350000 0.49649340
0.02450000 0.49706112
0.02550000 0.49711849
0.02650000 0.49673875
0.02750000 0.49712857
0.02850000 0.49673186
0.02950000 0.49722103
0.03050000 0.49662003
0.03150000 0.49679390
0.03250000 0.49682211
0.03350000 0.49639958
0.03450000 0.49630903
0.03550000 0.49624637
0.03650000 0.49585779
0.03750000 0.49599461
0.03850000 0.49532035
0.03950000 0.49536568
0.04050000 0.49444258
0.04150000 0.49503929
0.04250000 0.49511125
0.04350000 0.49436932
0.04450000 0.49493056
0.04550000 0.49417916
0.04650000 0.49370093
0.04750000 0.49418730
0.04850000 0.49388581
0.04950000 0.49283902
0.05050000 0.49363537
0.05150000 0.49340343
0.05250000 0.49340691
0.05350000 0.49248482
0.05450000 0.49329915
0.05550000 0.49256250
0.05650000 0.49129912
0.05750000 0.49274944
0.05850000 0.49250376
0.05950000 0.49274976
0.06050000 0.49120957
0.06150000 0.49161334
0.06250000 0.49233702
0.06350000 0.49050745
0.06450000 0.49224357
0.06550000 0.49145197
0.06650000 0.49075994
0.06750000 0.49221885
0.06850000 0.49150514
0.06950000 0.49158203
0.07050000 0.49117707
0.07150000 0.49196175
0.07250000 0.49154661
0.07350000 0.49136600
0.07450000 0.49214014
0.07550000 0.49199671
0.07650000 0.49163784
0.07750000 0.49224780
0.07850000 0.49095841
0.07950000 0.49208800
0.08050000 0.49150311
0.08150000 0.48971768
0.08250000 0.49135314
0.08350000 0.49111812
0.08450000 0.49121052
0.08550000 0.49062725
0.08650000 0.49052095
0.08750000 0.49024118
0.08850000 0.49012166
0.08950000 0.48974363
0.09050000 0.48922571
0.09150000 0.49052945
0.09250000 0.49017460
0.09350000 0.49052494
0.09450000 0.49097032
0.09550000 0.49059920
0.09650000 0.48982512
0.09750000 0.49152875
0.09850000 0.49148233
0.09950000 0.49012926
0.10050000 0.49089989
0.10150000 0.49189790
0.10250000 0.49201896
0.10350000 0.49206028
0.10450000 0.49204172
0.10550000 0.49201643
0.10650000 0.49310959
0.10750000 0.49299422
0.10850000 0.49310581
0.10950000 0.49225547
0.11050000 0.49371667
0.11150000 0.49405000
0.11250000 0.49382171
0.11350000 0.49403474
0.11450000 0.49420133
0.11550000 0.49477400
0.11650000 0.49484622
0.11750000 0.49510820
0.11850000 0.49451079
0.11950000 0.49607959
0.12050000 0.49608065
0.12150000 0.49625837
0.12250000 0.49672989
0.12350000 0.49717801
0.12450000 0.49765954
0.12550000 0.49796297
0.12650000 0.49830058
0.12750000 0.49868186
0.12850000 0.49932606
0.12950000 0.49979814
0.13050000 0.50029163
0.13150000 0.50077507
0.13250000 0.50126063
0.13350000 0.50178868
0.13450000 0.50241974
0.13550000 0.50280551
0.13650000 0.50417927
0.13750000 0.50407282
0.13850000 0.50441757
0.13950000 0.50563324
0.14050000 0.50590090
0.14150000 0.50632050
0.14250000 0.50688160
0.14350000 0.50803047
0.14450000 0.50771299
0.14550000 0.51061739
0.14650000 0.50988825
0.14750000 0.51121568
0.14850000 0.51159327
0.14950000 0.51159365
0.15050000 0.51366901
0.15150000 0.51405320
0.15250000 0.51573842
0.15350000 0.51568890
0.15450000 0.51845166
0.15550000 0.51703420
0.15650000 0.51946133
0.15750000 0.51926083
0.15850000 0.51990661
0.15950000 0.52028371
0.16050000 0.52320063
0.16150000 0.52129863
0.16250000 0.52454111
0.16350000 0.52686568
0.16450000 0.52213170
0.16550000 0.52250335
0.16650000 0.52178488
0.16750000 0.51998726
0.16850000 0.51964273
0.16950000 0.51963439
0.17050000 0.51814185
0.17150000 0.51767417
0.17250000 0.51877850
0.17350000 0.51685824
0.17450000 0.51539398
0.17550000 0.51407595
0.17650000 0.51421944
0.17750000 0.51351831
0.17850000 0.51331712
0.17950000 0.51169462
0.18050000 0.51188874
0.18150000 0.51217364
0.18250000 0.51042899
0.18350000 0.50942661
0.18450000 0.50909249
0.18550000 0.50848233
0.18650000 0.50806655
0.18750000 0.50701423
0.18850000 0.50683482
0.18950000 0.50602509
0.19050000 0.50610140
0.19150000 0.50507065
0.19250000 0.50457389
0.19350000 0.50393324
0.19450000 0.50341917
0.19550000 0.50303258
0.19650000 0.50245743
0.19750000 0.50196196
0.19850000 0.50145011
0.19950000 0.50104901
0.20050000 0.50051975
0.20150000 0.50003303
0.20250000 0.49956131
0.20350000 0.49917353
0.20450000 0.49861010
0.20550000 0.49826447
0.20650000 0.49771852
0.20750000 0.49743525
0.20850000 0.49692403
0.20950000 0.49628967
0.21050000 0.49609839
0.21150000 0.49559718
0.21250000 0.49535389
0.21350000 0.49468636
0.21450000 0.49453191
0.21550000 0.49425293
0.21650000 0.49386252
0.21750000 0.49363994
0.21850000 0.49269219
0.21950000 0.49317558
0.22050000 0.49262052
0.22150000 0.49230662
0.22250000 0.49201009
0.22350000 0.49205810
0.22450000 0.49179341
0.22550000 0.49099756
0.22650000 0.49136300
0.22750000 0.49046742
0.22850000 0.49100505
0.22950000 0.49046203
0.23050000 0.49031998
0.23150000 0.49006757
0.23250000 0.49066613
0.23350000 0.48943540
0.23450000 0.49028814
0.23550000 0.48963732
0.23650000 0.48952015
0.23750000 0.48918634
0.23850000 0.48968176
0.23950000 0.48947433
0.24050000 0.48878380
0.24150000 0.48936048
0.24250000 0.48895261
0.24350000 0.48900222
0.24450000 0.48894857
0.24550000 0.48863928
0.24650000 0.48891096
0.24750000 0.48866958
0.24850000 0.48881254
0.24950000 0.48966686
0.25050000 0.48786903
0.25150000 0.48882352
0.25250000 0.48868412
0.25350000 0.48889214
0.25450000 0.48869624
0.25550000 0.48885242
0.25650000 0.48885843
0.25750000 0.48910934
0.25850000 0.48919989
0.25950000 0.48951499
0.26050000 0.48878200
0.26150000 0.48965656
0.26250000 0.48960613
0.26350000 0.48947947
0.26450000 0.48979254
0.26550000 0.48996446
0.26650000 0.48968983
0.26750000 0.49051463
0.26850000 0.48995778
0.26950000 0.49032471
0.27050000 0.49065646
0.27150000 0.49079950
0.27250000 0.49050133
0.27350000 0.49080753
0.27450000 0.49136228
0.27550000 0.49105199
0.27650000 0.49171886
0.27750000 0.49146896
0.27850000 0.49221831
0.27950000 0.49240252
0.28050000 0.49258780
0.28150000 0.49223500
0.28250000 0.49327463
0.28350000 0.49303283
0.28450000 0.49372327
0.28550000 0.49388618
0.28650000 0.49390999
0.28750000 0.49438786
0.28850000 0.49460175
0.28950000 0.49511008
0.29050000 0.49493366
0.29150000 0.49535636
0.29250000 0.49581673
0.29350000 0.49614662
0.29450000 0.49646878
0.29550000 0.49656090
0.29650000 0.49714391
0.29750000 0.49739996
0.29850000 0.49776673
0.29950000 0.49835642
0.30050000 0.49813008
0.30150000 0.49879384
0.30250000 0.49913703
0.30350000 0.49951542
0.30450000 0.49986597
0.30550000 0.50023842
0.30650000 0.50062866
0.30750000 0.50097089
0.30850000 0.50140738
0.30950000 0.50174443
0.31050000 0.50221831
0.31150000 0.50244962
0.31250000 0.50282609
0.31350000 0.50333274
0.31450000 0.50341989
0.31550000 0.50388807
0.31650000 0.50421916
0.31750000 0.50451034
0.31850000 0.50528060
0.31950000 0.50534928
0.32050000 0.50595841
0.32150000 0.50598040
0.32250000 0.50660802
0.32350000 0.50686270
0.32450000 0.50702250
0.32550000 0.50767993
0.32650000 0.50807896
0.32750000 0.50884775
0.32850000 0.50858272
0.32950000 0.50875370
0.33050000 0.50955656
0.33150000 0.51031686
0.33250000 0.50982803
0.33350000 0.51115354
0.33450000 0.51086337
0.33550000 0.51153821
0.33650000 0.51202285
0.33750000 0.51255867
0.33850000 0.51246710
0.33950000 0.51282680
0.34050000 0.51407325
0.34150000 0.51408184
0.34250000 0.51455029
0.34350000 0.51467908
0.34450000 0.51506146
0.34550000 0.51613770
0.34650000 0.51634468
0.34750000 0.51716272
0.34850000 0.51666310
0.34950000 0.51925273
0.35050000 0.51625830
0.35150000 0.51577701
0.35250000 0.51629965
0.35350000 0.51487316
0.35450000 0.51489169
0.35550000 0.51421286
0.35650000 0.51315454
0.35750000 0.51313687
0.35850000 0.51210672
0.35950000 0.51130109
0.36050000 0.51179218
0.36150000 0.51075237
0.36250000 0.51004462
0.36350000 0.50983191
0.36450000 0.50905433
0.36550000 0.50843583
0.36650000 0.50838513
0.36750000 0.50724961
0.36850000 0.50742590
0.36950000 0.50662144
0.37050000 0.50623898
0.37150000 0.50584905
0.37250000 0.50542556
0.37350000 0.50490701
0.37450000 0.50428397
0.37550000 0.50416143
0.37650000 0.50360938
0.37750000 0.50319819
0.37850000 0.50274937
0.37950000 0.50216637
0.38050000 0.50217510
0.38150000 0.50167240
0.38250000 0.50132808
0.38350000 0.50091157
0.38450000 0.50063889
0.38550000 0.50030358
0.38650000 0.49998886
0.38750000 0.49971905
0.38850000 0.49942601
0.38950000 0.49922929
0.39050000 0.49884505
0.39150000 0.49862294
0.39250000 0.49848755
0.39350000 0.49828443
0.39450000 0.49807217
0.39550000 0.49773263
0.39650000 0.49772551
0.39750000 0.49743977
0.39850000 0.49735955
0.39950000 0.49702792
0.40050000 0.49664108
0.40150000 0.49684367
0.40250000 0.49660186
0.40350000 0.49639290
0.40450000 0.49601904
0.40550000 0.49619294
0.40650000 0.49608232
0.40750000 0.49597379
0.40850000 0.49564483
0.40950000 0.49546904
0.41050000 0.49593229
0.41150000 0.49566205
0.41250000 0.49552709
0.41350000 0.49524917
0.41450000 0.49567022
0.41550000 0.49536899
0.41650000 0.49539089
0.41750000 0.49534424
0.41850000 0.49517199
0.41950000 0.49570638
0.42050000 0.49511123
0.42150000 0.49557297
0.42250000 0.49508543
0.42350000 0.49539910
0.42450000 0.49545344
0.42550000 0.49521722
0.42650000 0.49522056
0.42750000 0.49535746
0.42850000 0.49539251
0.42950000 0.49565901
0.43050000 0.49528012
0.43150000 0.49524207
0.43250000 0.49533602
0.43350000 0.49506588
0.43450000 0.49512265
0.43550000 0.49529198
0.43650000 0.49510259
0.43750000 0.49523240
0.43850000 0.49511553
0.43950000 0.49566433
0.44050000 0.49494173
0.44150000 0.49546151
0.44250000 0.49505189
0.44350000 0.49566122
0.44450000 0.49519981
0.44550000 0.49528992
0.44650000 0.49500729
0.44750000 0.49544580
0.44850000 0.49537764
0.44950000 0.49543079
0.45050000 0.49533204
0.45150000 0.49516190
0.45250000 0.49536046
0.45350000 0.49493775
0.45450000 0.49521840
0.45550000 0.49514149
0.45650000 0.49559382
0.45750000 0.49545325
0.45850000 0.49558544
0.45950000 0.49517702
0.46050000 0.49587852
0.46150000 0.49575047
0.46250000 0.49534079
0.46350000 0.49565115
0.46450000 0.49577376
0.46550000 0.49610186
0.46650000 0.49583483
0.46750000 0.49610932
0.46850000 0.49600076
0.46950000 0.49617283
0.47050000 0.49625278
0.47150000 0.49615443
0.47250000 0.49642327
0.47350000 0.49620221
0.47450000 0.49631527
0.47550000 0.49613464
0.47650000 0.49660365
0.47750000 0.49637730
0.47850000 0.49629455
0.47950000 0.49704918
0.48050000 0.49625137
0.48150000 0.49654686
0.48250000 0.49641312
0.48350000 0.49665007
0.48450000 0.49679610
0.48550000 0.49701796
0.48650000 0.49651358
0.48750000 0.49691523
0.48850000 0.49689938
0.48950000 0.49707534
0.49050000 0.49685258
0.49150000 0.49697278
0.49250000 0.49718983
0.49350000 0.49717860
0.49450000 0.49729659
0.49550000 0.49737198
0.49650000 0.49738103
0.49750000 0.49735144
0.49850000 0.49746625
0.49950000 0.49809870
0.50050000 0.49712080
0.50150000 0.49783571
0.50250000 0.49786039
0.50350000 0.49799688
0.50450000 0.49791107
0.50550000 0.49813855
0.50650000 0.49811312
0.50750000 0.49830884
0.50850000 0.49819159
0.50950000 0.49850250
0.51050000 0.49828850
0.51150000 0.49852335
0.51250000 0.49857503
0.51350000 0.49856120
0.51450000 0.49879241
0.51550000 0.49879525
0.51650000 0.49879274
0.51750000 0.49888437
0.51850000 0.49902201
0.51950000 0.49914702
0.52050000 0.49908849
0.52150000 0.49922772
0.52250000 0.49930243
0.52350000 0.49935224
0.52450000 0.49943905
0.52550000 0.49949918
0.52650000 0.49956623
0.52750000 0.49968457
0.52850000 0.49975998
0.52950000 0.49985863
0.53050000 0.49992313
0.53150000 0.50000716
0.53250000 0.50009220
0.53350000 0.50017766
0.53450000 0.50025602
0.53550000 0.50037191
0.53650000 0.50043818
0.53750000 0.50051135
0.53850000 0.50057031
0.53950000 0.50063127
0.54050000 0.50076476
0.54150000 0.50080712
0.54250000 0.50092716
0.54350000 0.50094873
0.54450000 0.50111909
0.54550000 0.50109295
0.54650000 0.50127099
0.54750000 0.50126026
0.54850000 0.50139247
0.54950000 0.50146043
0.55050000 0.50152377
0.55150000 0.50174195
0.55250000 0.50150969
0.55350000 0.50177632
0.55450000 0.50175411
0.55550000 0.50202828
0.55650000 0.50177770
0.55750000 0.50207474
0.55850000 0.50212272
0.55950000 0.50216235
0.56050000 0.50219291
0.56150000 0.50221482
0.56250000 0.50245575
0.56350000 0.50256451
0.56450000 0.50237907
0.56550000 0.50226106
0.56650000 0.50249707
0.56750000 0.50293164
0.56850000 0.50232922
0.56950000 0.50274628
0.57050000 0.50277052
0.57150000 0.50308096
0.57250000 0.50259919
0.57350000 0.50296608
0.57450000 0.50273856
0.57550000 0.50303313
0.57650000 0.50258701
0.57750000 0.50264440
0.57850000 0.50310740
0.57950000 0.50327364
0.58050000 0.50252141
0.58150000 0.50279970
0.58250000 0.50304864
0.58350000 0.50286729
0.58450000 0.50301065
0.58550000 0.50266533
0.58650000 0.50303386
0.58750000 0.50285775
0.58850000 0.50284255
0.58950000 0.50258487
0.59050000 0.50306639
0.59150000 0.50302801
0.59250000 0.50305935
0.59350000 0.50298540
0.59450000 0.50312507
0.59550000 0.50316872
0.59650000 0.50323356
0.59750000 0.50270136
0.59850000 0.50333578
0.59950000 0.50237449
0.60050000 0.50383772
0.60150000 0.50297352
0.60250000 0.50269408
0.60350000 0.50322087
0.60450000 0.50343151
0.60550000 0.50297848
0.60650000 0.50347579
0.60750000 0.50341673
0.60850000 0.50328433
0.60950000 0.50322018
0.61050000 0.50333596
0.61150000 0.50312095
0.61250000 0.50367402
0.61350000 0.50346684
0.61450000 0.50376682
0.61550000 0.50312614
0.61650000 0.50334852
0.61750000 0.50301109
0.61850000 0.50297478
0.61950000 0.50260944
0.62050000 0.50327385
0.62150000 0.50290147
0.62250000 0.50275859
0.62350000 0.50251195
0.62450000 0.50259619
0.62550000 0.50267891
0.62650000 0.50269256
0.62750000 0.50207179
0.62850000 0.50229918
0.62950000 0.50206869
0.63050000 0.50237715
0.63150000 0.50189867
0.63250000 0.50207676
0.63350000 0.50176600
0.63450000 0.50189168
0.63550000 0.50162377
0.63650000 0.50176018
0.63750000 0.50139757
0.63850000 0.50151736
0.63950000 0.50110022
0.64050000 0.50157294
0.64150000 0.50120093
0.64250000 0.50114181
0.64350000 0.50101604
0.64450000 0.50095200
0.64550000 0.50085932
0.64650000 0.50102454
0.64750000 0.50082339
0.64850000 0.50079401
0.64950000 0.50069249
0.65050000 0.50074194
0.65150000 0.50053230
0.65250000 0.50057569
0.65350000 0.50051737
0.65450000 0.50044161
0.65550000 0.50038765
0.65650000 0.50037394
0.65750000 0.50026536
0.65850000 0.50026017
0.65950000 0.50016117
0.66050000 0.50020657
0.66150000 0.50011017
0.66250000 0.50007233
0.66350000 0.50003260
0.66450000 0.49999729
0.66550000 0.49995618
0.66650000 0.49992662
0.66750000 0.49989913
0.66850000 0.49985148
0.66950000 0.49982879
0.67050000 0.49975911
0.67150000 0.49976482
0.67250000 0.49972463
0.67350000 0.49968946
0.67450000 0.49966589
0.67550000 0.49969622
0.67650000 0.49958616
0.67750000 0.49968728
0.67850000 0.49956750
0.67950000 0.49966019
0.68050000 0.49935396
0.68150000 0.49958562
0.68250000 0.49947346
0.68350000 0.49951549
0.68450000 0.49942459
0.68550000 0.49948450
0.68650000 0.49942275
0.68750000 0.49942778
0.68850000 0.49925780
0.68950000 0.49924525
0.69050000 0.49924314
0.69150000 0.49939366
0.69250000 0.49918451
0.69350000 0.49934907
0.69450000 0.49935580
0.69550000 0.49926403
0.69650000 0.49915066
0.69750000 0.49941127
0.69850000 0.49919629
0.69950000 0.49947723
0.70050000 0.49884540
0.70150000 0.49929390
0.70250000 0.49920323
0.70350000 0.49920856
0.70450000 0.49920439
0.70550000 0.49925275
0.70650000 0.49928448
0.70750000 0.49918191
0.70850000 0.49922371
0.70950000 0.49932691
0.71050000 0.49911887
0.71150000 0.49915185
0.71250000 0.49902153
0.71350000 0.49915047
0.71450000 0.49917808
0.71550000 0.49929565
0.71650000 0.49905472
0.71750000 0.49926307
0.71850000 0.49909054
0.71950000 0.49939396
0.72050000 0.49894346
0.72150000 0.49906106
0.72250000 0.49917885
0.72350000 0.49927820
0.72450000 0.49930221
0.72550000 0.49911174
0.72650000 0.49898948
0.72750000 0.49911259
0.72850000 0.49930186
0.72950000 0.49919039
0.73050000 0.49904448
0.73150000 0.49918791
0.73250000 0.49915424
0.73350000 0.49910352
0.73450000 0.49903523
0.73550000 0.49927098
0.73650000 0.49906227
0.73750000 0.49928641
0.73850000 0.49905230
0.73950000 0.49936065
0.74050000 0.49893178
0.74150000 0.49911507
0.74250000 0.49905719
0.74350000 0.49915858
0.74450000 0.49912358
0.74550000 0.49913472
0.74650000 0.49896330
0.74750000 0.49912507
0.74850000 0.49918002
0.74950000 0.49915915
0.75050000 0.49437367
0.75150000 0.49937554
0.75250000 0.49904163
0.75350000 0.49929704
0.75450000 0.49920228
0.75550000 0.49933729
0.75650000 0.49921143
0.75750000 0.49947076
0.75850000 0.49933922
0.75950000 0.49930919
0.76050000 0.49939821
0.76150000 0.49943624
0.76250000 0.49940131
0.76350000 0.49935021
0.76450000 0.49942082
0.76550000 0.49935339
0.76650000 0.49938739
0.76750000 0.49940565
0.76850000 0.49938074
0.76950000 0.49951400
0.77050000 0.49947308
0.77150000 0.49426855
0.77250000 0.49934587
0.77350000 0.49945969
0.77450000 0.49952430
0.77550000 0.49956709
0.77650000 0.49942960
0.77750000 0.49966532
0.77850000 0.49955564
0.77950000 0.49953661
0.78050000 0.49936237
0.78150000 0.49810824
0.78250000 0.49799659
0.78350000 0.49964544
0.78450000 0.49950410
0.78550000 0.49963696
0.78650000 0.49962980
0.78750000 0.49964030
0.78850000 0.49966275
0.78950000 0.49972694
0.79050000 0.49966056
0.79150000 0.49976105
0.79250000 0.49967045
0.79350000 0.49969352
0.79450000 0.49972880
0.79550000 0.49970387
0.79650000 0.49969701
0.79750000 0.49973267
0.79850000 0.49967108
0.79950000 0.49982292
0.80050000 0.49965112
0.80150000 0.49970553
0.80250000 0.49975407
0.80350000 0.49964879
0.80450000 0.49980242
0.80550000 0.49962881
0.80650000 0.49980165
0.80750000 0.49975161
0.80850000 0.49975740
0.80950000 0.49976322
0.81050000 0.49975660
0.81150000 0.49978123
0.81250000 0.49974961
0.81350000 0.49980568
0.81450000 0.49972383
0.81550000 0.49978004
0.81650000 0.49971058
0.81750000 0.49974806
0.81850000 0.49977932
0.81950000 0.49969076
0.82050000 0.49987367
0.82150000 0.49977242
0.82250000 0.49982287
0.82350000 0.49975945
0.82450000 0.49979731
0.82550000 0.49982889
0.82650000 0.49982882
0.82750000 0.49982241
0.82850000 0.49978429
0.82950000 0.49977155
0.83050000 0.49975248
0.83150000 0.49982228
0.83250000 0.49983497
0.83350000 0.49989845
0.83450000 0.49985404
0.83550000 0.49982869
0.83650000 0.49978433
0.83750000 0.49986684
0.83850000 0.49977181
0.83950000 0.49986696
0.84050000 0.49985437
0.84150000 0.49975954
0.84250000 0.49982294
0.84350000 0.49986099
0.84450000 0.49987373
0.84550000 0.49985492
0.84650000 0.49984246
0.84750000 0.49985522
0.84850000 0.49983652
0.84950000 0.49981788
0.85050000 0.49986829
0.85150000 0.49990605
0.85250000 0.49986865
0.85350000 0.49986885
0.85450000 0.49990023
0.85550000 0.49989417
0.85650000 0.49990057
0.85750000 0.49991315
0.85850000 0.49991951
0.85950000 0.49988877
0.86050000 0.49990749
0.86150000 0.49990769
0.86250000 0.49994473
0.86350000 0.49989585
0.86450000 0.49988386
0.86550000 0.49988415
0.86650000 0.49989052
0.86750000 0.49995147
0.86850000 0.49993949
0.86950000 0.49992156
0.87050000 0.49991576
0.87150000 0.49992201
0.87250000 0.49994617
0.87350000 0.49992844
0.87450000 0.49997028
0.87550000 0.49993483
0.87650000 0.49989961
0.87750000 0.49992349
0.87850000 0.49991790
0.87950000 0.49992988
0.88050000 0.49994178
0.88150000 0.49991880
0.88250000 0.49994223
0.88350000 0.49991368
0.88450000 0.49989684
0.88550000 0.49990868
0.88650000 0.49994885
0.88750000 0.49994908
0.88850000 0.49993240
0.88950000 0.49995514
0.89050000 0.49991628
0.89150000 0.49993334
0.89250000 0.49991155
0.89350000 0.49994499
0.89450000 0.49993433
0.89550000 0.49997822
0.89650000 0.49992418
0.89750000 0.49995691
0.89850000 0.49995715
0.89950000 0.49997337
0.90050000 0.49996293
0.90150000 0.49994208
0.90250000 0.49996336
0.90350000 0.49997399
0.90450000 0.49997415
0.90550000 0.49992809
0.90650000 0.49998469
0.90750000 0.49996958
0.90850000 0.49998489
0.90950000 0.49996500
0.91050000 0.49995034
0.91150000 0.49997535
0.91250000 0.49993148
0.91350000 0.49994657
0.91450000 0.49993733
0.91550000 0.49999522
0.91650000 0.49988136
0.91750000 0.49997176
0.91850000 0.49995798
0.91950000 0.49996759
0.92050000 0.49997246
0.92150000 0.49997725
0.92250000 0.49996843
0.92350000 0.49996872
0.92450000 0.49997344
0.92550000 0.49999123
0.92650000 0.49998697
0.92750000 0.49999140
0.92850000 0.49997871
0.92950000 0.50000000
0.93050000 0.49999583
0.93150000 0.50000000
0.93250000 0.49997144
0.93350000 0.49997579
0.93450000 0.49997607
0.93550000 0.49998817
0.93650000 0.49997273
0.93750000 0.49999230
0.93850000 0.49999620
0.93950000 0.49998874
0.94050000 0.49999259
0.94150000 0.49999269
0.94250000 0.49998918
0.94350000 0.49992179
0.94450000 0.49999299
0.94550000 0.50000000
0.94650000 0.49999319
0.94750000 0.49999665
0.94850000 0.50000000
0.94950000 0.50000000
0.95050000 0.50000000
0.95150000 0.49999372
0.95250000 0.50000000
0.95350000 0.49999394
0.95450000 0.50000000
0.95550000 0.49999416
0.95650000 0.49999714
0.95750000 0.49999157
0.95850000 0.49999175
0.95950000 0.49999461
0.96050000 0.49999736
0.96150000 0.49999742
0.96250000 0.49999496
0.96350000 0.49999508
0.96450000 0.49999279
0.96550000 0.49999532
0.96650000 0.49999772
0.96750000 0.49999112
0.96850000 0.49999784
0.96950000 0.49999580
0.97050000 0.50000000
0.97150000 0.50000000
0.97250000 0.49999618
0.97350000 0.49999631
0.97450000 0.49999822
0.97550000 0.50000000
0.97650000 0.49999669
0.97750000 0.50000000
0.97850000 0.50000000
0.97950000 0.49999854
0.98050000 0.50000000
0.98150000 0.50000000
0.98250000 0.49999874
0.98350000 0.50000000
0.98450000 0.50000000
0.98550000 0.50000000
0.98650000 0.50000000
0.98750000 0.50000000
0.98850000 0.49999832
0.98950000 0.49999923
0.99050000 0.50000000
0.99150000 0.50000000
0.99250000 0.50000000
0.99350000 0.50000000
0.99450000 0.49999959
0.99550000 0.49999966
0.99650000 0.49999948
0.99750000 0.50000000
0.99850000 0.50000000
0.99950000 0.49999985
