0.00050000 0.49993426
0.00150000 0.49983755
0.00250000 0.49978489
0.00350000 0.49977350
0.00450000 0.49972869
0.00550000 0.49967877
0.00650000 0.49966400
0.00750000 0.49965382
0.00850000 0.49959873
0.00950000 0.49963645
0.01050000 0.49955893
0.01150000 0.49954133
0.01250000 0.49951450
0.01350000 0.49938994
0.01450000 0.49947569
0.01550000 0.49942242
0.01650000 0.49918804
0.01750000 0.49945857
0.01850000 0.49940656
0.01950000 0.49944840
0.02050000 0.49910698
0.02150000 0.49937384
0.02250000 0.49941140
0.02350000 0.49928548
0.02450000 0.49942335
0.02550000 0.49945679
0.02650000 0.49941079
0.02750000 0.49950418
0.02850000 0.49946234
0.02950000 0.49956593
0.03050000 0.49950074
0.03150000 0.49955418
0.03250000 0.49958618
0.03350000 0.49956364
0.03450000 0.49958665
0.03550000 0.49961493
0.03650000 0.49961485
0.03750000 0.49966688
0.03850000 0.49965772
0.03950000 0.49970854
0.04050000 0.49970871
0.04150000 0.49979314
0.04250000 0.49984973
0.04350000 0.49989006
0.04450000 0.49995920
0.04550000 0.50002154
0.04650000 0.50009908
0.04750000 0.50016305
0.04850000 0.50024870
0.04950000 0.50038393
0.05050000 0.50042565
0.05150000 0.50053089
0.05250000 0.50062261
0.05350000 0.50081729
0.05450000 0.50082722
0.05550000 0.50103042
0.05650000 0.50134035
0.05750000 0.50123245
0.05850000 0.50135888
0.05950000 0.50119896
0.06050000 0.50131944
0.06150000 0.50113591
0.06250000 0.50093007
0.06350000 0.50102392
0.06450000 0.50073611
0.06550000 0.50070492
0.06650000 0.50065175
0.06750000 0.50045983
0.06850000 0.50040887
0.06950000 0.50031676
0.07050000 0.50024331
0.07150000 0.50014439
0.07250000 0.50007421
0.07350000 0.50000012
0.07450000 0.49993445
0.07550000 0.49986964
0.07650000 0.49980067
0.07750000 0.49975975
0.07850000 0.49965864
0.07950000 0.49965085
0.08050000 0.49957417
0.08150000 0.49942711
0.08250000 0.49947317
0.08350000 0.49941602
0.08450000 0.49938317
0.08550000 0.49930447
0.08650000 0.49926222
0.08750000 0.49920909
0.08850000 0.49917184
0.08950000 0.49911598
0.09050000 0.49905077
0.09150000 0.49915193
0.09250000 0.49911068
0.09350000 0.49913801
0.09450000 0.49917912
0.09550000 0.49915122
0.09650000 0.49909362
0.09750000 0.49926090
0.09850000 0.49927814
0.09950000 0.49919519
0.10050000 0.49929429
0.10150000 0.49941075
0.10250000 0.49946529
0.10350000 0.49952147
0.10450000 0.49958262
0.10550000 0.49965346
0.10650000 0.49977253
0.10750000 0.49985217
0.10850000 0.49994845
0.10950000 0.50006269
0.11050000 0.50016272
0.11150000 0.50027534
0.11250000 0.50043035
0.11350000 0.50057603
0.11450000 0.50074032
0.11550000 0.50085616
0.11650000 0.50106240
0.11750000 0.50125266
0.11850000 0.50173242
0.11950000 0.50151904
0.12050000 0.50186391
0.12150000 0.50211052
0.12250000 0.50187186
0.12350000 0.50165691
0.12450000 0.50143156
0.12550000 0.50132907
0.12650000 0.50122970
0.12750000 0.50113659
0.12850000 0.50081503
0.12950000 0.50064673
0.13050000 0.50055059
0.13150000 0.50037894
0.13250000 0.50023707
0.13350000 0.50010971
0.13450000 0.49998606
0.13550000 0.49987250
0.13650000 0.49970617
0.13750000 0.49964864
0.13850000 0.49957371
0.13950000 0.49942074
0.14050000 0.49937213
0.14150000 0.49931761
0.14250000 0.49925664
0.14350000 0.49914130
0.14450000 0.49919051
0.14550000 0.49891411
0.14650000 0.49902063
0.14750000 0.49893034
0.14850000 0.49894101
0.14950000 0.49899098
0.15050000 0.49887247
0.15150000 0.49890727
0.15250000 0.49885306
0.15350000 0.49893515
0.15450000 0.49884170
0.15550000 0.49901881
0.15650000 0.49898082
0.15750000 0.49909293
0.15850000 0.49916816
0.15950000 0.49926046
0.16050000 0.49927798
0.16150000 0.49945099
0.16250000 0.49949849
0.16350000 0.49958626
0.16450000 0.49976344
0.16550000 0.49988204
0.16650000 0.50002206
0.16750000 0.50016305
0.16850000 0.50031990
0.16950000 0.50050071
0.17050000 0.50065172
0.17150000 0.50084281
0.17250000 0.50114441
0.17350000 0.50127903
0.17450000 0.50142654
0.17550000 0.50157051
0.17650000 0.50188916
0.17750000 0.50212017
0.17850000 0.50243846
0.17950000 0.50202389
0.18050000 0.50193212
0.18150000 0.50184321
0.18250000 0.50145656
0.18350000 0.50119897
0.18450000 0.50103537
0.18550000 0.50084457
0.18650000 0.50067842
0.18750000 0.50047170
0.18850000 0.50033291
0.18950000 0.50016923
0.19050000 0.50002961
0.19150000 0.49988975
0.19250000 0.49975861
0.19350000 0.49964660
0.19450000 0.49953680
0.19550000 0.49941225
0.19650000 0.49933083
0.19750000 0.49924328
0.19850000 0.49917647
0.19950000 0.49903668
0.20050000 0.49900911
0.20150000 0.49902498
0.20250000 0.49891952
0.20350000 0.49898194
0.20450000 0.49883819
0.20550000 0.49889464
0.20650000 0.49882553
0.20750000 0.49889578
0.20850000 0.49886908
0.20950000 0.49882013
0.21050000 0.49891918
0.21150000 0.49893435
0.21250000 0.49901810
0.21350000 0.49902346
0.21450000 0.49913291
0.21550000 0.49922329
0.21650000 0.49930590
0.21750000 0.49941430
0.21850000 0.49947459
0.21950000 0.49964292
0.22050000 0.49975488
0.22150000 0.49988883
0.22250000 0.50003259
0.22350000 0.50017835
0.22450000 0.50033450
0.22550000 0.50053161
0.22650000 0.50066842
0.22750000 0.50091347
0.22850000 0.50102908
0.22950000 0.50127020
0.23050000 0.50147296
0.23150000 0.50170263
0.23250000 0.50178255
0.23350000 0.50222773
0.23450000 0.50224465
0.23550000 0.50211382
0.23650000 0.50187230
0.23750000 0.50167616
0.23850000 0.50137131
0.23950000 0.50118137
0.24050000 0.50104214
0.24150000 0.50079629
0.24250000 0.50064015
0.24350000 0.50046360
0.24450000 0.50030284
0.24550000 0.50015492
0.24650000 0.50000894
0.24750000 0.49987385
0.24850000 0.49975139
0.24950000 0.49966422
0.25050000 0.49949071
0.25150000 0.49943321
0.25250000 0.49933567
0.25350000 0.49926702
0.25450000 0.49917968
0.25550000 0.49912526
0.25650000 0.49906752
0.25750000 0.49903888
0.25850000 0.49900478
0.25950000 0.49899987
0.26050000 0.49890106
0.26150000 0.49896697
0.26250000 0.49894907
0.26350000 0.49893045
0.26450000 0.49896376
0.26550000 0.49898987
0.26650000 0.49897874
0.26750000 0.49908291
0.26850000 0.49906087
0.26950000 0.49913391
0.27050000 0.49920922
0.27150000 0.49927479
0.27250000 0.49931588
0.27350000 0.49941015
0.27450000 0.49952339
0.27550000 0.49959766
0.27650000 0.49972322
0.27750000 0.49982568
0.27850000 0.49995445
0.27950000 0.50007961
0.28050000 0.50021315
0.28150000 0.50038209
0.28250000 0.50048487
0.28350000 0.50068100
0.28450000 0.50079423
0.28550000 0.50097169
0.28650000 0.50119062
0.28750000 0.50132977
0.28850000 0.50153379
0.28950000 0.50165352
0.29050000 0.50202862
0.29150000 0.50219856
0.29250000 0.50190276
0.29350000 0.50168095
0.29450000 0.50147419
0.29550000 0.50137020
0.29650000 0.50108196
0.29750000 0.50093168
0.29850000 0.50075117
0.29950000 0.50051259
0.30050000 0.50052912
0.30150000 0.50029596
0.30250000 0.50016193
0.30350000 0.50003120
0.30450000 0.49990730
0.30550000 0.49980154
0.30650000 0.49968802
0.30750000 0.49960723
0.30850000 0.49949808
0.30950000 0.49943406
0.31050000 0.49933518
0.31150000 0.49931616
0.31250000 0.49926168
0.31350000 0.49918307
0.31450000 0.49921247
0.31550000 0.49915860
0.31650000 0.49914226
0.31750000 0.49913938
0.31850000 0.49905560
0.31950000 0.49910496
0.32050000 0.49906939
0.32150000 0.49913050
0.32250000 0.49910853
0.32350000 0.49914421
0.32450000 0.49919415
0.32550000 0.49919329
0.32650000 0.49922804
0.32750000 0.49923671
0.32850000 0.49933758
0.32950000 0.49940231
0.33050000 0.49943090
0.33150000 0.49947394
0.33250000 0.49958143
0.33350000 0.49961696
0.33450000 0.49971492
0.33550000 0.49978904
0.33650000 0.49987422
0.33750000 0.49996520
0.33850000 0.50005974
0.33950000 0.50015688
0.34050000 0.50027514
0.34150000 0.50037675
0.34250000 0.50049247
0.34350000 0.50059931
0.34450000 0.50071847
0.34550000 0.50087909
0.34650000 0.50099940
0.34750000 0.50116223
0.34850000 0.50123632
0.34950000 0.50152392
0.35050000 0.50147587
0.35150000 0.50160727
0.35250000 0.50155467
0.35350000 0.50131961
0.35450000 0.50121953
0.35550000 0.50106421
0.35650000 0.50089001
0.35750000 0.50079114
0.35850000 0.50063624
0.35950000 0.50050432
0.36050000 0.50042947
0.36150000 0.50030006
0.36250000 0.50019138
0.36350000 0.50009658
0.36450000 0.50000156
0.36550000 0.49991604
0.36650000 0.49982716
0.36750000 0.49976885
0.36850000 0.49967431
0.36950000 0.49962489
0.37050000 0.49956077
0.37150000 0.49950114
0.37250000 0.49944905
0.37350000 0.49941374
0.37450000 0.49940251
0.37550000 0.49932549
0.37650000 0.49932113
0.37750000 0.49930095
0.37850000 0.49929830
0.37950000 0.49934871
0.38050000 0.49921871
0.38150000 0.49926616
0.38250000 0.49926254
0.38350000 0.49932006
0.38450000 0.49928206
0.38550000 0.49931060
0.38650000 0.49932496
0.38750000 0.49942686
0.38850000 0.49942135
0.38950000 0.49949812
0.39050000 0.49946022
0.39150000 0.49951329
0.39250000 0.49958462
0.39350000 0.49962957
0.39450000 0.49967275
0.39550000 0.49970090
0.39650000 0.49977280
0.39750000 0.49981551
0.39850000 0.49987499
0.39950000 0.49992571
0.40050000 0.49998496
0.40150000 0.50004610
0.40250000 0.50011061
0.40350000 0.50017884
0.40450000 0.50026227
0.40550000 0.50031061
0.40650000 0.50037930
0.40750000 0.50044959
0.40850000 0.50054964
0.40950000 0.50063661
0.41050000 0.50062891
0.41150000 0.50073129
0.41250000 0.50081606
0.41350000 0.50093233
0.41450000 0.50090930
0.41550000 0.50103627
0.41650000 0.50108282
0.41750000 0.50097567
0.41850000 0.50089813
0.41950000 0.50070484
0.42050000 0.50070313
0.42150000 0.50055292
0.42250000 0.50052715
0.42350000 0.50041788
0.42450000 0.50034326
0.42550000 0.50029272
0.42650000 0.50022878
0.42750000 0.50016449
0.42850000 0.50010981
0.42950000 0.50005654
0.43050000 0.50001396
0.43150000 0.49996951
0.43250000 0.49992951
0.43350000 0.49988558
0.43450000 0.49985041
0.43550000 0.49982306
0.43650000 0.49978474
0.43750000 0.49976255
0.43850000 0.49973057
0.43950000 0.49973969
0.44050000 0.49967396
0.44150000 0.49968942
0.44250000 0.49964385
0.44350000 0.49967414
0.44450000 0.49962642
0.44550000 0.49962246
0.44650000 0.49959011
0.44750000 0.49961898
0.44850000 0.49960775
0.44950000 0.49960846
0.45050000 0.49959780
0.45150000 0.49958257
0.45250000 0.49960079
0.45350000 0.49956737
0.45450000 0.49959580
0.45550000 0.49959550
0.45650000 0.49964031
0.45750000 0.49963778
0.45850000 0.49965855
0.45950000 0.49963982
0.46050000 0.49970467
0.46150000 0.49970985
0.46250000 0.49969931
0.46350000 0.49973721
0.46450000 0.49976357
0.46550000 0.49980089
0.46650000 0.49980914
0.46750000 0.49984372
0.46850000 0.49986361
0.46950000 0.49989430
0.47050000 0.49992243
0.47150000 0.49994872
0.47250000 0.49998030
0.47350000 0.50001063
0.47450000 0.50004276
0.47550000 0.50008088
0.47650000 0.50010455
0.47750000 0.50014926
0.47850000 0.50019345
0.47950000 0.50018834
0.48050000 0.50028524
0.48150000 0.50030744
0.48250000 0.50036833
0.48350000 0.50039225
0.48450000 0.50042384
0.48550000 0.50044232
0.48650000 0.50057615
0.48750000 0.50056492
0.48850000 0.50062637
0.48950000 0.50064918
0.49050000 0.50076700
0.49150000 0.50069233
0.49250000 0.50060091
0.49350000 0.50056167
0.49450000 0.50049852
0.49550000 0.50044625
0.49650000 0.50040662
0.49750000 0.50037277
0.49850000 0.50031987
0.49950000 0.50021243
0.50050000 0.50027980
0.50150000 0.50017869
0.50250000 0.50014518
0.50350000 0.50010619
0.50450000 0.50007937
0.50550000 0.50004239
0.50650000 0.50001374
0.50750000 0.49998557
0.50850000 0.49995527
0.50950000 0.49993799
0.51050000 0.49989964
0.51150000 0.49988697
0.51250000 0.49986427
0.51350000 0.49983464
0.51450000 0.49983605
0.51550000 0.49980962
0.51650000 0.49978027
0.51750000 0.49976781
0.51850000 0.49976832
0.51950000 0.49977051
0.52050000 0.49972153
0.52150000 0.49973152
0.52250000 0.49972278
0.52350000 0.49970349
0.52450000 0.49970086
0.52550000 0.49968359
0.52650000 0.49966714
0.52750000 0.49969448
0.52850000 0.49968719
0.52950000 0.49971991
0.53050000 0.49968196
0.53150000 0.49970927
0.53250000 0.49968990
0.53350000 0.49969346
0.53450000 0.49970737
0.53550000 0.49968677
0.53650000 0.49971203
0.53750000 0.49972850
0.53850000 0.49974982
0.53950000 0.49976783
0.54050000 0.49976197
0.54150000 0.49978625
0.54250000 0.49979064
0.54350000 0.49981750
0.54450000 0.49981732
0.54550000 0.49984970
0.54650000 0.49985441
0.54750000 0.49988177
0.54850000 0.49989563
0.54950000 0.49991581
0.55050000 0.49993651
0.55150000 0.49995327
0.55250000 0.49998042
0.55350000 0.50000006
0.55450000 0.50002155
0.55550000 0.50004841
0.55650000 0.50006198
0.55750000 0.50009405
0.55850000 0.50011742
0.55950000 0.50014029
0.56050000 0.50016238
0.56150000 0.50018352
0.56250000 0.50022433
0.56350000 0.50025527
0.56450000 0.50025564
0.56550000 0.50026028
0.56650000 0.50030598
0.56750000 0.50038034
0.56850000 0.50031848
0.56950000 0.50039419
0.57050000 0.50041602
0.57150000 0.50048253
0.57250000 0.50042344
0.57350000 0.50048132
0.57450000 0.50040127
0.57550000 0.50039994
0.57650000 0.50030576
0.57750000 0.50027886
0.57850000 0.50029079
0.57950000 0.50027013
0.58050000 0.50018206
0.58150000 0.50017525
0.58250000 0.50016354
0.58350000 0.50012991
0.58450000 0.50011304
0.58550000 0.50008084
0.58650000 0.50007165
0.58750000 0.50004968
0.58850000 0.50003297
0.58950000 0.50001611
0.59050000 0.50000389
0.59150000 0.49998993
0.59250000 0.49997686
0.59350000 0.49996575
0.59450000 0.49995292
0.59550000 0.49994182
0.59650000 0.49993089
0.59750000 0.49993483
0.59850000 0.49991120
0.59950000 0.49993142
0.60050000 0.49988135
0.60150000 0.49990265
0.60250000 0.49990743
0.60350000 0.49988473
0.60450000 0.49987291
0.60550000 0.49988649
0.60650000 0.49986438
0.60750000 0.49986410
0.60850000 0.49986737
0.60950000 0.49986846
0.61050000 0.49986262
0.61150000 0.49987083
0.61250000 0.49984762
0.61350000 0.49985631
0.61450000 0.49984682
0.61550000 0.49986856
0.61650000 0.49985476
0.61750000 0.49986556
0.61850000 0.49986355
0.61950000 0.49987728
0.62050000 0.49984246
0.62150000 0.49985742
0.62250000 0.49986184
0.62350000 0.49987204
0.62450000 0.49986576
0.62550000 0.49985971
0.62650000 0.49985750
0.62750000 0.49988946
0.62850000 0.49987663
0.62950000 0.49988867
0.63050000 0.49987206
0.63150000 0.49989814
0.63250000 0.49988934
0.63350000 0.49990692
0.63450000 0.49990182
0.63550000 0.49991746
0.63650000 0.49991292
0.63750000 0.49993322
0.63850000 0.49993060
0.63950000 0.49995238
0.64050000 0.49993651
0.64150000 0.49995566
0.64250000 0.49996246
0.64350000 0.49997141
0.64450000 0.49997847
0.64550000 0.49998611
0.64650000 0.49999116
0.64750000 0.50000014
0.64850000 0.50000834
0.64950000 0.50001569
0.65050000 0.50002748
0.65150000 0.50002883
0.65250000 0.50004303
0.65350000 0.50005159
0.65450000 0.50005759
0.65550000 0.50006542
0.65650000 0.50008140
0.65750000 0.50007476
0.65850000 0.50009591
0.65950000 0.50007934
0.66050000 0.50014061
0.66150000 0.50011022
0.66250000 0.50011975
0.66350000 0.50012162
0.66450000 0.50014061
0.66550000 0.50016455
0.66650000 0.50015295
0.66750000 0.50015169
0.66850000 0.50017976
0.66950000 0.50017706
0.67050000 0.50022097
0.67150000 0.50019630
0.67250000 0.50021676
0.67350000 0.50020608
0.67450000 0.50018877
0.67550000 0.50014720
0.67650000 0.50017290
0.67750000 0.50011307
0.67850000 0.50013565
0.67950000 0.50009255
0.68050000 0.50015278
0.68150000 0.50008497
0.68250000 0.50009339
0.68350000 0.50007403
0.68450000 0.50007533
0.68550000 0.50005738
0.68650000 0.50005409
0.68750000 0.50004453
0.68850000 0.50004709
0.68950000 0.50003804
0.69050000 0.50002918
0.69150000 0.50001682
0.69250000 0.50001459
0.69350000 0.50000578
0.69450000 0.50000040
0.69550000 0.49999490
0.69650000 0.49998823
0.69750000 0.49998810
0.69850000 0.49997907
0.69950000 0.49998359
0.70050000 0.49995809
0.70150000 0.49997119
0.70250000 0.49996420
0.70350000 0.49996146
0.70450000 0.49995851
0.70550000 0.49995868
0.70650000 0.49995839
0.70750000 0.49995029
0.70850000 0.49995101
0.70950000 0.49995609
0.71050000 0.49994084
0.71150000 0.49994162
0.71250000 0.49993118
0.71350000 0.49993913
0.71450000 0.49994016
0.71550000 0.49994803
0.71650000 0.49992947
0.71750000 0.49994452
0.71850000 0.49993105
0.71950000 0.49995381
0.72050000 0.49991919
0.72150000 0.49992805
0.72250000 0.49993705
0.72350000 0.49994473
0.72450000 0.49994671
0.72550000 0.49993243
0.72650000 0.49992353
0.72750000 0.49993329
0.72850000 0.49994793
0.72950000 0.49994018
0.73050000 0.49993013
0.73150000 0.49994132
0.73250000 0.49993968
0.73350000 0.49993698
0.73450000 0.49993325
0.73550000 0.49995042
0.73650000 0.49993739
0.73750000 0.49995330
0.73850000 0.49993930
0.73950000 0.49995999
0.74050000 0.49993478
0.74150000 0.49994739
0.74250000 0.49994551
0.74350000 0.49995282
0.74450000 0.49995243
0.74550000 0.49995463
0.74650000 0.49994762
0.74750000 0.49995752
0.74850000 0.49996185
0.74950000 0.49996263
0.75050000 0.49976199
0.75150000 0.49997496
0.75250000 0.49996372
0.75350000 0.49997501
0.75450000 0.49997353
0.75550000 0.49997961
0.75650000 0.49997769
0.75750000 0.49998636
0.75850000 0.49998467
0.75950000 0.49998579
0.76050000 0.49998923
0.76150000 0.49999145
0.76250000 0.49999259
0.76350000 0.49999380
0.76450000 0.49999614
0.76550000 0.49999759
0.76650000 0.49999955
0.76750000 0.50000136
0.76850000 0.50000333
0.76950000 0.50000414
0.77050000 0.50000617
0.77150000 0.50008567
0.77250000 0.50001193
0.77350000 0.50001166
0.77450000 0.50001188
0.77550000 0.50001230
0.77650000 0.50001820
0.77750000 0.50001186
0.77850000 0.50001735
0.77950000 0.50001978
0.78050000 0.50002958
0.78150000 0.50009484
0.78250000 0.50010806
0.78350000 0.50002049
0.78450000 0.50003060
0.78550000 0.50002384
0.78650000 0.50002579
0.78750000 0.50002652
0.78850000 0.50002626
0.78950000 0.50002240
0.79050000 0.50002928
0.79150000 0.50002164
0.79250000 0.50003127
0.79350000 0.50003043
0.79450000 0.50002814
0.79550000 0.50003206
0.79650000 0.50003419
0.79750000 0.50003140
0.79850000 0.50004018
0.79950000 0.50002247
0.80050000 0.50004595
0.80150000 0.50004022
0.80250000 0.50003480
0.80350000 0.50005145
0.80450000 0.50002994
0.80550000 0.50005815
0.80650000 0.50003210
0.80750000 0.50004150
0.80850000 0.50004183
0.80950000 0.50004210
0.81050000 0.50004460
0.81150000 0.50004129
0.81250000 0.50004991
0.81350000 0.50003717
0.81450000 0.50005064
0.81550000 0.50003861
0.81650000 0.50004856
0.81750000 0.50004035
0.81850000 0.50003368
0.81950000 0.50004490
0.82050000 0.50001742
0.82150000 0.50002972
0.82250000 0.50002187
0.82350000 0.50002800
0.82450000 0.50002218
0.82550000 0.50001754
0.82650000 0.50001639
0.82750000 0.50001581
0.82850000 0.50001777
0.82950000 0.50001732
0.83050000 0.50001716
0.83150000 0.50001119
0.83250000 0.50000934
0.83350000 0.50000511
0.83450000 0.50000645
0.83550000 0.50000652
0.83650000 0.50000691
0.83750000 0.50000347
0.83850000 0.50000461
0.83950000 0.50000191
0.84050000 0.50000125
0.84150000 0.50000070
0.84250000 0.49999952
0.84350000 0.49999885
0.84450000 0.49999826
0.84550000 0.49999721
0.84650000 0.49999612
0.84750000 0.49999566
0.84850000 0.49999424
0.84950000 0.49999263
0.85050000 0.49999399
0.85150000 0.49999524
0.85250000 0.49999268
0.85350000 0.49999203
0.85450000 0.49999345
0.85550000 0.49999253
0.85650000 0.49999250
0.85750000 0.49999303
0.85850000 0.49999316
0.85950000 0.49999003
0.86050000 0.49999128
0.86150000 0.49999087
0.86250000 0.49999428
0.86350000 0.49998876
0.86450000 0.49998695
0.86550000 0.49998647
0.86650000 0.49998673
0.86750000 0.49999391
0.86850000 0.49999215
0.86950000 0.49998949
0.87050000 0.49998836
0.87150000 0.49998889
0.87250000 0.49999211
0.87350000 0.49998922
0.87450000 0.49999540
0.87550000 0.49998966
0.87650000 0.49998368
0.87750000 0.49998726
0.87850000 0.49998601
0.87950000 0.49998778
0.88050000 0.49998963
0.88150000 0.49998523
0.88250000 0.49998927
0.88350000 0.49998365
0.88450000 0.49998009
0.88550000 0.49998204
0.88650000 0.49998975
0.88750000 0.49998962
0.88850000 0.49998598
0.88950000 0.49999054
0.89050000 0.49998204
0.89150000 0.49998547
0.89250000 0.49998042
0.89350000 0.49998764
0.89450000 0.49998502
0.89550000 0.49999496
0.89650000 0.49998220
0.89750000 0.49998974
0.89850000 0.49998966
0.89950000 0.49999349
0.90050000 0.49999082
0.90150000 0.49998547
0.90250000 0.49999069
0.90350000 0.49999331
0.90450000 0.49999327
0.90550000 0.49998106
0.90650000 0.49999592
0.90750000 0.49999181
0.90850000 0.49999589
0.90950000 0.49999036
0.91050000 0.49998618
0.91150000 0.49999307
0.91250000 0.49998053
0.91350000 0.49998466
0.91450000 0.49998183
0.91550000 0.49999860
0.91650000 0.49996494
0.91750000 0.49999158
0.91850000 0.49998735
0.91950000 0.49999016
0.92050000 0.49999156
0.92150000 0.49999297
0.92250000 0.49999016
0.92350000 0.49999016
0.92450000 0.49999158
0.92550000 0.49999720
0.92650000 0.49999580
0.92750000 0.49999721
0.92850000 0.49999303
0.92950000 0.50000000
0.93050000 0.49999861
0.93150000 0.50000000
0.93250000 0.49999036
0.93350000 0.49999177
0.93450000 0.49999180
0.93550000 0.49999592
0.93650000 0.49999053
0.93750000 0.49999731
0.93850000 0.49999866
0.93950000 0.49999601
0.94050000 0.49999736
0.94150000 0.49999738
0.94250000 0.49999609
0.94350000 0.49997156
0.94450000 0.49999744
0.94550000 0.50000000
0.94650000 0.49999748
0.94750000 0.49999875
0.94850000 0.50000000
0.94950000 0.50000000
0.95050000 0.50000000
0.95150000 0.49999761
0.95250000 0.50000000
0.95350000 0.49999766
0.95450000 0.50000000
0.95550000 0.49999772
0.95650000 0.49999888
0.95750000 0.49999668
0.95850000 0.49999673
0.95950000 0.49999785
0.96050000 0.49999894
0.96150000 0.49999896
0.96250000 0.49999796
0.96350000 0.49999800
0.96450000 0.49999706
0.96550000 0.49999808
0.96650000 0.49999906
0.96750000 0.49999632
0.96850000 0.49999910
0.96950000 0.49999825
0.97050000 0.50000000
0.97150000 0.50000000
0.97250000 0.49999838
0.97350000 0.49999843
0.97450000 0.49999924
0.97550000 0.50000000
0.97650000 0.49999857
0.97750000 0.50000000
0.97850000 0.50000000
0.97950000 0.49999936
0.98050000 0.50000000
0.98150000 0.50000000
0.98250000 0.49999945
0.98350000 0.50000000
0.98450000 0.50000000
0.98550000 0.50000000
0.98650000 0.50000000
0.98750000 0.50000000
0.98850000 0.49999924
0.98950000 0.49999965
0.99050000 0.50000000
0.99150000 0.50000000
0.99250000 0.50000000
0.99350000 0.50000000
0.99450000 0.49999981
0.99550000 0.49999984
0.99650000 0.49999976
0.99750000 0.50000000
0.99850000 0.50000000
0.99950000 0.49999993
