0.00050000 0.49993536
0.00150000 0.49981728
0.00250000 0.49971359
0.00350000 0.49962363
0.00450000 0.49957357
0.00550000 0.49950921
0.00650000 0.49946083
0.00750000 0.49945828
0.00850000 0.49939425
0.00950000 0.49938740
0.01050000 0.49931379
0.01150000 0.49930307
0.01250000 0.49926610
0.01350000 0.49919603
0.01450000 0.49922348
0.01550000 0.49917845
0.01650000 0.49906523
0.01750000 0.49913722
0.01850000 0.49911429
0.01950000 0.49912969
0.02050000 0.49900242
0.02150000 0.49910930
0.02250000 0.49913046
0.02350000 0.49910083
0.02450000 0.49915873
0.02550000 0.49918996
0.02650000 0.49919729
0.02750000 0.49925504
0.02850000 0.49928052
0.02950000 0.49937185
0.03050000 0.49940915
0.03150000 0.49950029
0.03250000 0.49957837
0.03350000 0.49965346
0.03450000 0.49974938
0.03550000 0.49983598
0.03650000 0.49993891
0.03750000 0.50004610
0.03850000 0.50016022
0.03950000 0.50027507
0.04050000 0.50041395
0.04150000 0.50053251
0.04250000 0.50066291
0.04350000 0.50081177
0.04450000 0.50094289
0.04550000 0.50112529
0.04650000 0.50134672
0.04750000 0.50144323
0.04850000 0.50167085
0.04950000 0.50189132
0.05050000 0.50172580
0.05150000 0.50153242
0.05250000 0.50139794
0.05350000 0.50128578
0.05450000 0.50106212
0.05550000 0.50092638
0.05650000 0.50084379
0.05750000 0.50064023
0.05850000 0.50050885
0.05950000 0.50036678
0.06050000 0.50027771
0.06150000 0.50014198
0.06250000 0.50002476
0.06350000 0.49991236
0.06450000 0.49982029
0.06550000 0.49971991
0.06650000 0.49962122
0.06750000 0.49956350
0.06850000 0.49946649
0.06950000 0.49940601
0.07050000 0.49932763
0.07150000 0.49925734
0.07250000 0.49922886
0.07350000 0.49917900
0.07450000 0.49917577
0.07550000 0.49910485
0.07650000 0.49909158
0.07750000 0.49910169
0.07850000 0.49903347
0.07950000 0.49909414
0.08050000 0.49902838
0.08150000 0.49897870
0.08250000 0.49905547
0.08350000 0.49905100
0.08450000 0.49907588
0.08550000 0.49909770
0.08650000 0.49913298
0.08750000 0.49919093
0.08850000 0.49921274
0.08950000 0.49928159
0.09050000 0.49933663
0.09150000 0.49944857
0.09250000 0.49954034
0.09350000 0.49964053
0.09450000 0.49976226
0.09550000 0.49987215
0.09650000 0.50000777
0.09750000 0.50015018
0.09850000 0.50030224
0.09950000 0.50049933
0.10050000 0.50066508
0.10150000 0.50081418
0.10250000 0.50099148
0.10350000 0.50117137
0.10450000 0.50142818
0.10550000 0.50161830
0.10650000 0.50179003
0.10750000 0.50203401
0.10850000 0.50226416
0.10950000 0.50213653
0.11050000 0.50178731
0.11150000 0.50156443
0.11250000 0.50140906
0.11350000 0.50122211
0.11450000 0.50103461
0.11550000 0.50085458
0.11650000 0.50067816
0.11750000 0.50051816
0.11850000 0.50037998
0.11950000 0.50019131
0.12050000 0.50005718
0.12150000 0.49991811
0.12250000 0.49978937
0.12350000 0.49967067
0.12450000 0.49957110
0.12550000 0.49944084
0.12650000 0.49934350
0.12750000 0.49922128
0.12850000 0.49919941
0.12950000 0.49915244
0.13050000 0.49898745
0.13150000 0.49901038
0.13250000 0.49898785
0.13350000 0.49891993
0.13450000 0.49889866
0.13550000 0.49891374
0.13650000 0.49879297
0.13750000 0.49884434
0.13850000 0.49892649
0.13950000 0.49889532
0.14050000 0.49887655
0.14150000 0.49899359
0.14250000 0.49901109
0.14350000 0.49907778
0.14450000 0.49918773
0.14550000 0.49916320
0.14650000 0.49930245
0.14750000 0.49937942
0.14850000 0.49948788
0.14950000 0.49961807
0.15050000 0.49970428
0.15150000 0.49984471
0.15250000 0.49998758
0.15350000 0.50013633
0.15450000 0.50032014
0.15550000 0.50046310
0.15650000 0.50066725
0.15750000 0.50086036
0.15850000 0.50102991
0.15950000 0.50119642
0.16050000 0.50151734
0.16150000 0.50163022
0.16250000 0.50193829
0.16350000 0.50225856
0.16450000 0.50230511
0.16550000 0.50208923
0.16650000 0.50183822
0.16750000 0.50156679
0.16850000 0.50139175
0.16950000 0.50119446
0.17050000 0.50096812
0.17150000 0.50078647
0.17250000 0.50061770
0.17350000 0.50043273
0.17450000 0.50025371
0.17550000 0.50010896
0.17650000 0.49996445
0.17750000 0.49983177
0.17850000 0.49969850
0.17950000 0.49961229
0.18050000 0.49946924
0.18150000 0.49936238
0.18250000 0.49931079
0.18350000 0.49925112
0.18450000 0.49916219
0.18550000 0.49909999
0.18650000 0.49903766
0.18750000 0.49904429
0.18850000 0.49896483
0.18950000 0.49899510
0.19050000 0.49889076
0.19150000 0.49895223
0.19250000 0.49893446
0.19350000 0.49896080
0.19450000 0.49899024
0.19550000 0.49885060
0.19650000 0.49904124
0.19750000 0.49908469
0.19850000 0.49914487
0.19950000 0.49918091
0.20050000 0.49925587
0.20150000 0.49936382
0.20250000 0.49943295
0.20350000 0.49955124
0.20450000 0.49962892
0.20550000 0.49974416
0.20650000 0.49987147
0.20750000 0.50000835
0.20850000 0.50014879
0.20950000 0.50030476
0.21050000 0.50046085
0.21150000 0.50062796
0.21250000 0.50077151
0.21350000 0.50099859
0.21450000 0.50113601
0.21550000 0.50133730
0.21650000 0.50154540
0.21750000 0.50172007
0.21850000 0.50203929
0.21950000 0.50213475
0.22050000 0.50196998
0.22150000 0.50172977
0.22250000 0.50152460
0.22350000 0.50127185
0.22450000 0.50108576
0.22550000 0.50093175
0.22650000 0.50071566
0.22750000 0.50057816
0.22850000 0.50039787
0.22950000 0.50025231
0.23050000 0.50011302
0.23150000 0.49998102
0.23250000 0.49986480
0.23350000 0.49973987
0.23450000 0.49965414
0.23550000 0.49954621
0.23650000 0.49946764
0.23750000 0.49937976
0.23850000 0.49933530
0.23950000 0.49927055
0.24050000 0.49917060
0.24150000 0.49917352
0.24250000 0.49912629
0.24350000 0.49909418
0.24450000 0.49907408
0.24550000 0.49903495
0.24650000 0.49906233
0.24750000 0.49904341
0.24850000 0.49904980
0.24950000 0.49909819
0.25050000 0.49902319
0.25150000 0.49911708
0.25250000 0.49915347
0.25350000 0.49919849
0.25450000 0.49923360
0.25550000 0.49927784
0.25650000 0.49935363
0.25750000 0.49941965
0.25850000 0.49949899
0.25950000 0.49958893
0.26050000 0.49964889
0.26150000 0.49975742
0.26250000 0.49985555
0.26350000 0.49995970
0.26450000 0.50006943
0.26550000 0.50018575
0.26650000 0.50031230
0.26750000 0.50042408
0.26850000 0.50057622
0.26950000 0.50069994
0.27050000 0.50085703
0.27150000 0.50098870
0.27250000 0.50120486
0.27350000 0.50140666
0.27450000 0.50160820
0.27550000 0.50179618
0.27650000 0.50201545
0.27750000 0.50164651
0.27850000 0.50139225
0.27950000 0.50127617
0.28050000 0.50112368
0.28150000 0.50096160
0.28250000 0.50074452
0.28350000 0.50062970
0.28450000 0.50049100
0.28550000 0.50035268
0.28650000 0.50023232
0.28750000 0.50011260
0.28850000 0.50000779
0.28950000 0.49991112
0.29050000 0.49980530
0.29150000 0.49972599
0.29250000 0.49965375
0.29350000 0.49957794
0.29450000 0.49951469
0.29550000 0.49942743
0.29650000 0.49942258
0.29750000 0.49936255
0.29850000 0.49932576
0.29950000 0.49936809
0.30050000 0.49916689
0.30150000 0.49925150
0.30250000 0.49919462
0.30350000 0.49924993
0.30450000 0.49920386
0.30550000 0.49923959
0.30650000 0.49922632
0.30750000 0.49927004
0.30850000 0.49926274
0.30950000 0.49930455
0.31050000 0.49919678
0.31150000 0.49936544
0.31250000 0.49941953
0.31350000 0.49944908
0.31450000 0.49952605
0.31550000 0.49956930
0.31650000 0.49963001
0.31750000 0.49969289
0.31850000 0.49974097
0.31950000 0.49982264
0.32050000 0.49988399
0.32150000 0.49997086
0.32250000 0.50005525
0.32350000 0.50013784
0.32450000 0.50022621
0.32550000 0.50031910
0.32650000 0.50042503
0.32750000 0.50052830
0.32850000 0.50061109
0.32950000 0.50070719
0.33050000 0.50083057
0.33150000 0.50097684
0.33250000 0.50104867
0.33350000 0.50122728
0.33450000 0.50126706
0.33550000 0.50140351
0.33650000 0.50126863
0.33750000 0.50114691
0.33850000 0.50100758
0.33950000 0.50086111
0.34050000 0.50080795
0.34150000 0.50069252
0.34250000 0.50055493
0.34350000 0.50042465
0.34450000 0.50033924
0.34550000 0.50025568
0.34650000 0.50016547
0.34750000 0.50008103
0.34850000 0.50000222
0.34950000 0.49992555
0.35050000 0.49986455
0.35150000 0.49980874
0.35250000 0.49973924
0.35350000 0.49969852
0.35450000 0.49964050
0.35550000 0.49957983
0.35650000 0.49956843
0.35750000 0.49952237
0.35850000 0.49950723
0.35950000 0.49948914
0.36050000 0.49942110
0.36150000 0.49942736
0.36250000 0.49941790
0.36350000 0.49939958
0.36450000 0.49938561
0.36550000 0.49939806
0.36650000 0.49938173
0.36750000 0.49942266
0.36850000 0.49939846
0.36950000 0.49942811
0.37050000 0.49943273
0.37150000 0.49944760
0.37250000 0.49946807
0.37350000 0.49948559
0.37450000 0.49954824
0.37550000 0.49955253
0.37650000 0.49959908
0.37750000 0.49964351
0.37850000 0.49968615
0.37950000 0.49974442
0.38050000 0.49975704
0.38150000 0.49981582
0.38250000 0.49986411
0.38350000 0.49992499
0.38450000 0.49997725
0.38550000 0.50003454
0.38650000 0.50009483
0.38750000 0.50014156
0.38850000 0.50020789
0.38950000 0.50025664
0.39050000 0.50034613
0.39150000 0.50041857
0.39250000 0.50045143
0.39350000 0.50051139
0.39450000 0.50057689
0.39550000 0.50066876
0.39650000 0.50070921
0.39750000 0.50080699
0.39850000 0.50083680
0.39950000 0.50093101
0.40050000 0.50107930
0.40150000 0.50084356
0.40250000 0.50076878
0.40350000 0.50069345
0.40450000 0.50063771
0.40550000 0.50052608
0.40650000 0.50045573
0.40750000 0.50038096
0.40850000 0.50034205
0.40950000 0.50029796
0.41050000 0.50018947
0.41150000 0.50013543
0.41250000 0.50008562
0.41350000 0.50003880
0.41450000 0.49999279
0.41550000 0.49994781
0.41650000 0.49990784
0.41750000 0.49987253
0.41850000 0.49983536
0.41950000 0.49981849
0.42050000 0.49976779
0.42150000 0.49976907
0.42250000 0.49973040
0.42350000 0.49973130
0.42450000 0.49971065
0.42550000 0.49968736
0.42650000 0.49965882
0.42750000 0.49964002
0.42850000 0.49966994
0.42950000 0.49967139
0.43050000 0.49964863
0.43150000 0.49965622
0.43250000 0.49964738
0.43350000 0.49964117
0.43450000 0.49964326
0.43550000 0.49963212
0.43650000 0.49965671
0.43750000 0.49966114
0.43850000 0.49965965
0.43950000 0.49970095
0.44050000 0.49966964
0.44150000 0.49971679
0.44250000 0.49970933
0.44350000 0.49974379
0.44450000 0.49972807
0.44550000 0.49975867
0.44650000 0.49976461
0.44750000 0.49978289
0.44850000 0.49980449
0.44950000 0.49983694
0.45050000 0.49985085
0.45150000 0.49987012
0.45250000 0.49989738
0.45350000 0.49991217
0.45450000 0.49994555
0.45550000 0.49997010
0.45650000 0.49999866
0.45750000 0.50002767
0.45850000 0.50005704
0.45950000 0.50009098
0.46050000 0.50011254
0.46150000 0.50014356
0.46250000 0.50023397
0.46350000 0.50021313
0.46450000 0.50023844
0.46550000 0.50025702
0.46650000 0.50030389
0.46750000 0.50033531
0.46850000 0.50039152
0.46950000 0.50039504
0.47050000 0.50046746
0.47150000 0.50061040
0.47250000 0.50080936
0.47350000 0.50093604
0.47450000 0.50052729
0.47550000 0.50050072
0.47650000 0.50042014
0.47750000 0.50042191
0.47850000 0.50040319
0.47950000 0.50028194
0.48050000 0.50035348
0.48150000 0.50026341
0.48250000 0.50024052
0.48350000 0.50024517
0.48450000 0.50022144
0.48550000 0.50017157
0.48650000 0.50010802
0.48750000 0.50006421
0.48850000 0.50004022
0.48950000 0.50000768
0.49050000 0.49998183
0.49150000 0.49995913
0.49250000 0.49993990
0.49350000 0.49991829
0.49450000 0.49990105
0.49550000 0.49988597
0.49650000 0.49986605
0.49750000 0.49984620
0.49850000 0.49982062
0.49950000 0.49984756
0.50050000 0.49976997
0.50150000 0.49981063
0.50250000 0.49979762
0.50350000 0.49979323
0.50450000 0.49977848
0.50550000 0.49978436
0.50650000 0.49976867
0.50750000 0.49977108
0.50850000 0.49973333
0.50950000 0.49978106
0.51050000 0.49974359
0.51150000 0.49976487
0.51250000 0.49975681
0.51350000 0.49975072
0.51450000 0.49975778
0.51550000 0.49970226
0.51650000 0.49964009
0.51750000 0.49971379
0.51850000 0.49978137
0.51950000 0.49980394
0.52050000 0.49978222
0.52150000 0.49980201
0.52250000 0.49980593
0.52350000 0.49981250
0.52450000 0.49981862
0.52550000 0.49982760
0.52650000 0.49982312
0.52750000 0.49984063
0.52850000 0.49983150
0.52950000 0.49984221
0.53050000 0.49986030
0.53150000 0.49989973
0.53250000 0.49991406
0.53350000 0.49992422
0.53450000 0.49995197
0.53550000 0.49996504
0.53650000 0.49998386
0.53750000 0.50000166
0.53850000 0.50001891
0.53950000 0.50003601
0.54050000 0.50005860
0.54150000 0.50007230
0.54250000 0.50010088
0.54350000 0.50011053
0.54450000 0.50014192
0.54550000 0.50015140
0.54650000 0.50018511
0.54750000 0.50019965
0.54850000 0.50022353
0.54950000 0.50024866
0.55050000 0.50026610
0.55150000 0.50031588
0.55250000 0.50027654
0.55350000 0.50033868
0.55450000 0.50034882
0.55550000 0.50038851
0.55650000 0.50039266
0.55750000 0.50041923
0.55850000 0.50038380
0.55950000 0.50035227
0.56050000 0.50032637
0.56150000 0.50027861
0.56250000 0.50027556
0.56350000 0.50024554
0.56450000 0.50020550
0.56550000 0.50016587
0.56650000 0.50015903
0.56750000 0.50014632
0.56850000 0.50010819
0.56950000 0.50009915
0.57050000 0.50007947
0.57150000 0.50006043
0.57250000 0.50003773
0.57350000 0.50002420
0.57450000 0.50000676
0.57550000 0.49999147
0.57650000 0.49997567
0.57750000 0.49996724
0.57850000 0.49994761
0.57950000 0.49993878
0.58050000 0.49994358
0.58150000 0.49992917
0.58250000 0.49991495
0.58350000 0.49991551
0.58450000 0.49990351
0.58550000 0.49990677
0.58650000 0.49988897
0.58750000 0.49988510
0.58850000 0.49987531
0.58950000 0.49989018
0.59050000 0.49986622
0.59150000 0.49985440
0.59250000 0.49987059
0.59350000 0.49987244
0.59450000 0.49987003
0.59550000 0.49986974
0.59650000 0.49984714
0.59750000 0.49988158
0.59850000 0.49985962
0.59950000 0.49988888
0.60050000 0.49984761
0.60150000 0.49987511
0.60250000 0.49988696
0.60350000 0.49986982
0.60450000 0.49986214
0.60550000 0.49988067
0.60650000 0.49986489
0.60750000 0.49987611
0.60850000 0.49987636
0.60950000 0.49988511
0.61050000 0.49988339
0.61150000 0.49988785
0.61250000 0.49988698
0.61350000 0.49987581
0.61450000 0.49989278
0.61550000 0.49990751
0.61650000 0.49990823
0.61750000 0.49991596
0.61850000 0.49991570
0.61950000 0.49993308
0.62050000 0.49991943
0.62150000 0.49992697
0.62250000 0.49992843
0.62350000 0.49994228
0.62450000 0.49994617
0.62550000 0.49994834
0.62650000 0.49995288
0.62750000 0.49996592
0.62850000 0.49996518
0.62950000 0.49997392
0.63050000 0.49997595
0.63150000 0.49998464
0.63250000 0.49999048
0.63350000 0.49999729
0.63450000 0.50000408
0.63550000 0.50001052
0.63650000 0.50001781
0.63750000 0.50002281
0.63850000 0.50003230
0.63950000 0.50003630
0.64050000 0.50005796
0.64150000 0.50005198
0.64250000 0.50005713
0.64350000 0.50005977
0.64450000 0.50006411
0.64550000 0.50007024
0.64650000 0.50009508
0.64750000 0.50009134
0.64850000 0.50010273
0.64950000 0.50012202
0.65050000 0.50012686
0.65150000 0.50010799
0.65250000 0.50012814
0.65350000 0.50013906
0.65450000 0.50013043
0.65550000 0.50014504
0.65650000 0.50016879
0.65750000 0.50014795
0.65850000 0.50019552
0.65950000 0.50014856
0.66050000 0.50023032
0.66150000 0.50016491
0.66250000 0.50014970
0.66350000 0.50014125
0.66450000 0.50013806
0.66550000 0.50013959
0.66650000 0.50011468
0.66750000 0.50013262
0.66850000 0.50010420
0.66950000 0.50008601
0.67050000 0.50009490
0.67150000 0.50007609
0.67250000 0.50006973
0.67350000 0.50006350
0.67450000 0.50005395
0.67550000 0.50004216
0.67650000 0.50004636
0.67750000 0.50010446
0.67850000 0.50002813
0.67950000 0.50001814
0.68050000 0.50002145
0.68150000 0.50001126
0.68250000 0.50000672
0.68350000 0.50000173
0.68450000 0.49999647
0.68550000 0.49999288
0.68650000 0.49998770
0.68750000 0.49997795
0.68850000 0.49997539
0.68950000 0.49997255
0.69050000 0.49997127
0.69150000 0.49997563
0.69250000 0.49996542
0.69350000 0.49989392
0.69450000 0.49996711
0.69550000 0.49996212
0.69650000 0.49995550
0.69750000 0.49996467
0.69850000 0.49995579
0.69950000 0.49995813
0.70050000 0.49993632
0.70150000 0.49995443
0.70250000 0.49995104
0.70350000 0.49994942
0.70450000 0.49995003
0.70550000 0.49995100
0.70650000 0.49994923
0.70750000 0.49994811
0.70850000 0.49994752
0.70950000 0.49995395
0.71050000 0.49994143
0.71150000 0.49994699
0.71250000 0.49993700
0.71350000 0.49994706
0.71450000 0.49993863
0.71550000 0.49995177
0.71650000 0.49994224
0.71750000 0.49995048
0.71850000 0.49994733
0.71950000 0.49996091
0.72050000 0.49993982
0.72150000 0.49994564
0.72250000 0.49994696
0.72350000 0.49995615
0.72450000 0.49996047
0.72550000 0.49995185
0.72650000 0.49994439
0.72750000 0.49995339
0.72850000 0.49996184
0.72950000 0.49995483
0.73050000 0.49994754
0.73150000 0.49996049
0.73250000 0.49995599
0.73350000 0.49995558
0.73450000 0.49995359
0.73550000 0.49996645
0.73650000 0.49995937
0.73750000 0.49996474
0.73850000 0.49994172
0.73950000 0.49997240
0.74050000 0.49965245
0.74150000 0.49996948
0.74250000 0.49996957
0.74350000 0.49997322
0.74450000 0.49997468
0.74550000 0.49997507
0.74650000 0.49997137
0.74750000 0.49997624
0.74850000 0.49998051
0.74950000 0.49998163
0.75050000 0.49990308
0.75150000 0.49998824
0.75250000 0.49998256
0.75350000 0.49998947
0.75450000 0.49998963
0.75550000 0.49999219
0.75650000 0.49999300
0.75750000 0.49999592
0.75850000 0.49999651
0.75950000 0.49999782
0.76050000 0.49999944
0.76150000 0.50000081
0.76250000 0.50000243
0.76350000 0.50000384
0.76450000 0.50000528
0.76550000 0.50000816
0.76650000 0.50000768
0.76750000 0.50000859
0.76850000 0.50001236
0.76950000 0.50001617
0.77050000 0.50001483
0.77150000 0.50011788
0.77250000 0.50002104
0.77350000 0.50001795
0.77450000 0.50001916
0.77550000 0.50001881
0.77650000 0.50002428
0.77750000 0.50001759
0.77850000 0.50002189
0.77950000 0.50002318
0.78050000 0.50003161
0.78150000 0.50009678
0.78250000 0.50009180
0.78350000 0.50002445
0.78450000 0.50003013
0.78550000 0.50002772
0.78650000 0.50003243
0.78750000 0.50003402
0.78850000 0.50003696
0.78950000 0.50002728
0.79050000 0.50004689
0.79150000 0.50002861
0.79250000 0.50003217
0.79350000 0.50003104
0.79450000 0.50003229
0.79550000 0.50003531
0.79650000 0.50003437
0.79750000 0.50003042
0.79850000 0.50003743
0.79950000 0.50002907
0.80050000 0.50004645
0.80150000 0.50004039
0.80250000 0.50002876
0.80350000 0.50004484
0.80450000 0.50003125
0.80550000 0.50005703
0.80650000 0.50003579
0.80750000 0.50003743
0.80850000 0.50003788
0.80950000 0.50003699
0.81050000 0.50003024
0.81150000 0.50003230
0.81250000 0.50003515
0.81350000 0.50002593
0.81450000 0.50002955
0.81550000 0.50002350
0.81650000 0.50002711
0.81750000 0.50002029
0.81850000 0.50001994
0.81950000 0.50002210
0.82050000 0.50001175
0.82150000 0.50001649
0.82250000 0.50001326
0.82350000 0.50001565
0.82450000 0.50001186
0.82550000 0.50000851
0.82650000 0.50000818
0.82750000 0.50000777
0.82850000 0.50000677
0.82950000 0.50000658
0.83050000 0.50000611
0.83150000 0.50000620
0.83250000 0.50000325
0.83350000 0.50000205
0.83450000 0.50000194
0.83550000 0.50000129
0.83650000 0.50000058
0.83750000 0.49999992
0.83850000 0.49999909
0.83950000 0.49999906
0.84050000 0.49999295
0.84150000 0.49999617
0.84250000 0.49999704
0.84350000 0.49999539
0.84450000 0.49999645
0.84550000 0.49999569
0.84650000 0.49999503
0.84750000 0.49999452
0.84850000 0.49999383
0.84950000 0.49999332
0.85050000 0.49999349
0.85150000 0.49999544
0.85250000 0.49999387
0.85350000 0.49999351
0.85450000 0.49999430
0.85550000 0.49999131
0.85650000 0.49999466
0.85750000 0.49999377
0.85850000 0.49999487
0.85950000 0.49999218
0.86050000 0.49999299
0.86150000 0.49999389
0.86250000 0.49999605
0.86350000 0.49999225
0.86450000 0.49999075
0.86550000 0.49999178
0.86650000 0.49999066
0.86750000 0.49999589
0.86850000 0.49999251
0.86950000 0.49999329
0.87050000 0.49999264
0.87150000 0.49999098
0.87250000 0.49999488
0.87350000 0.49999216
0.87450000 0.49999627
0.87550000 0.49999186
0.87650000 0.49998950
0.87750000 0.49999213
0.87850000 0.49998972
0.87950000 0.49999246
0.88050000 0.49999293
0.88150000 0.49999103
0.88250000 0.49999212
0.88350000 0.49999017
0.88450000 0.49998631
0.88550000 0.49998992
0.88650000 0.49999235
0.88750000 0.49999355
0.88850000 0.49999088
0.88950000 0.49999473
0.89050000 0.49998870
0.89150000 0.49999127
0.89250000 0.49998916
0.89350000 0.49999112
0.89450000 0.49999173
0.89550000 0.49999653
0.89650000 0.49999021
0.89750000 0.49999296
0.89850000 0.49999291
0.89950000 0.49999643
0.90050000 0.49988442
0.90150000 0.49999061
0.90250000 0.49999419
0.90350000 0.49999635
0.90450000 0.49999634
0.90550000 0.49998896
0.90650000 0.49999705
0.90750000 0.49999481
0.90850000 0.49999107
0.90950000 0.49999403
0.91050000 0.49999252
0.91150000 0.49999550
0.91250000 0.49998798
0.91350000 0.49999097
0.91450000 0.49998945
0.91550000 0.49999925
0.91650000 0.49998112
0.91750000 0.49999547
0.91850000 0.49999320
0.91950000 0.49999396
0.92050000 0.49999547
0.92150000 0.49999623
0.92250000 0.49999321
0.92350000 0.49998795
0.92450000 0.49999549
0.92550000 0.49999700
0.92650000 0.49999775
0.92750000 0.49999851
0.92850000 0.49999628
0.92950000 0.49999777
0.93050000 0.49999556
0.93150000 0.50000000
0.93250000 0.49999413
0.93350000 0.49999562
0.93450000 0.49999564
0.93550000 0.49999783
0.93650000 0.49999425
0.93750000 0.49999857
0.93850000 0.49999929
0.93950000 0.49999788
0.94050000 0.49999790
0.94150000 0.49999861
0.94250000 0.49999793
0.94350000 0.49998424
0.94450000 0.49999864
0.94550000 0.50000000
0.94650000 0.49999867
0.94750000 0.49999934
0.94850000 0.50000000
0.94950000 0.50000000
0.95050000 0.50000000
0.95150000 0.49999873
0.95250000 0.50000000
0.95350000 0.49999877
0.95450000 0.50000000
0.95550000 0.49999880
0.95650000 0.49999526
0.95750000 0.49999825
0.95850000 0.49999828
0.95950000 0.49999887
0.96050000 0.49999944
0.96150000 0.49999891
0.96250000 0.49999893
0.96350000 0.49999842
0.96450000 0.49999845
0.96550000 0.49999899
0.96650000 0.49999951
0.96750000 0.49999807
0.96850000 0.49999953
0.96950000 0.49999908
0.97050000 0.49999955
0.97150000 0.49999956
0.97250000 0.49999915
0.97350000 0.49999918
0.97450000 0.49999960
0.97550000 0.50000000
0.97650000 0.49999925
0.97750000 0.50000000
0.97850000 0.50000000
0.97950000 0.49999967
0.98050000 0.50000000
0.98150000 0.49999787
0.98250000 0.49999971
0.98350000 0.50000000
0.98450000 0.49999948
0.98550000 0.50000000
0.98650000 0.50000000
0.98750000 0.50000000
0.98850000 0.49999960
0.98950000 0.49999982
0.99050000 0.50000000
0.99150000 0.50000000
0.99250000 0.50000000
0.99350000 0.50000000
0.99450000 0.49999990
0.99550000 0.49999992
0.99650000 0.49999981
0.99750000 0.50000000
0.99850000 0.50000000
0.99950000 0.49999992
