0.00050000 0.49993918
0.00150000 0.49981201
0.00250000 0.49967852
0.00350000 0.49953996
0.00450000 0.49948819
0.00550000 0.49941649
0.00650000 0.49934765
0.00750000 0.49934977
0.00850000 0.49928151
0.00950000 0.49924643
0.01050000 0.49917668
0.01150000 0.49916998
0.01250000 0.49912699
0.01350000 0.49908987
0.01450000 0.49908163
0.01550000 0.49904116
0.01650000 0.49899652
0.01750000 0.49895545
0.01850000 0.49894867
0.01950000 0.49895025
0.02050000 0.49893400
0.02150000 0.49895928
0.02250000 0.49897380
0.02350000 0.49899128
0.02450000 0.49901531
0.02550000 0.49905049
0.02650000 0.49908587
0.02750000 0.49913820
0.02850000 0.49919929
0.02950000 0.49930092
0.03050000 0.49938667
0.03150000 0.49950705
0.03250000 0.49961900
0.03350000 0.49973992
0.03450000 0.49987343
0.03550000 0.50000686
0.03650000 0.50015256
0.03750000 0.50029326
0.03850000 0.50044481
0.03950000 0.50059945
0.04050000 0.50076489
0.04150000 0.50094339
0.04250000 0.50112326
0.04350000 0.50127578
0.04450000 0.50148991
0.04550000 0.50168403
0.04650000 0.50196456
0.04750000 0.50208828
0.04850000 0.50193924
0.04950000 0.50165998
0.05050000 0.50155977
0.05150000 0.50132821
0.05250000 0.50118556
0.05350000 0.50101400
0.05450000 0.50081502
0.05550000 0.50064106
0.05650000 0.50051120
0.05750000 0.50034677
0.05850000 0.50020472
0.05950000 0.50006817
0.06050000 0.49993930
0.06150000 0.49981940
0.06250000 0.49968994
0.06350000 0.49961168
0.06450000 0.49952321
0.06550000 0.49943622
0.06650000 0.49935505
0.06750000 0.49928871
0.06850000 0.49920383
0.06950000 0.49916281
0.07050000 0.49910278
0.07150000 0.49899793
0.07250000 0.49902685
0.07350000 0.49900037
0.07450000 0.49899990
0.07550000 0.49892852
0.07650000 0.49896562
0.07750000 0.49898241
0.07850000 0.49897791
0.07950000 0.49903860
0.08050000 0.49899712
0.08150000 0.49904460
0.08250000 0.49909419
0.08350000 0.49912264
0.08450000 0.49917512
0.08550000 0.49925230
0.08650000 0.49932419
0.08750000 0.49942732
0.08850000 0.49948536
0.08950000 0.49960003
0.09050000 0.49970496
0.09150000 0.49982665
0.09250000 0.49996016
0.09350000 0.50010279
0.09450000 0.50024747
0.09550000 0.50043458
0.09650000 0.50067588
0.09750000 0.50082576
0.09850000 0.50101786
0.09950000 0.50126028
0.10050000 0.50147886
0.10150000 0.50167958
0.10250000 0.50188028
0.10350000 0.50206137
0.10450000 0.50242875
0.10550000 0.50208047
0.10650000 0.50188819
0.10750000 0.50163899
0.10850000 0.50142125
0.10950000 0.50119156
0.11050000 0.50099615
0.11150000 0.50080205
0.11250000 0.50062433
0.11350000 0.50045690
0.11450000 0.50029180
0.11550000 0.50014476
0.11650000 0.49999602
0.11750000 0.49985792
0.11850000 0.49973463
0.11950000 0.49962556
0.12050000 0.49948949
0.12150000 0.49941676
0.12250000 0.49932489
0.12350000 0.49924431
0.12450000 0.49919346
0.12550000 0.49908120
0.12650000 0.49906938
0.12750000 0.49900849
0.12850000 0.49898334
0.12950000 0.49898410
0.13050000 0.49882753
0.13150000 0.49892348
0.13250000 0.49894426
0.13350000 0.49889782
0.13450000 0.49895721
0.13550000 0.49898445
0.13650000 0.49902418
0.13750000 0.49899274
0.13850000 0.49911171
0.13950000 0.49918211
0.14050000 0.49914127
0.14150000 0.49930120
0.14250000 0.49934604
0.14350000 0.49948144
0.14450000 0.49957705
0.14550000 0.49967718
0.14650000 0.49979119
0.14750000 0.49991246
0.14850000 0.50004061
0.14950000 0.50017097
0.15050000 0.50034233
0.15150000 0.50049514
0.15250000 0.50065192
0.15350000 0.50078894
0.15450000 0.50102260
0.15550000 0.50117280
0.15650000 0.50136524
0.15750000 0.50164575
0.15850000 0.50177017
0.15950000 0.50190548
0.16050000 0.50211629
0.16150000 0.50184683
0.16250000 0.50160950
0.16350000 0.50139622
0.16450000 0.50125232
0.16550000 0.50104171
0.16650000 0.50085104
0.16750000 0.50068055
0.16850000 0.50054121
0.16950000 0.50037983
0.17050000 0.50023209
0.17150000 0.50009566
0.17250000 0.49996734
0.17350000 0.49984653
0.17450000 0.49974876
0.17550000 0.49960768
0.17650000 0.49955771
0.17750000 0.49947098
0.17850000 0.49937640
0.17950000 0.49936036
0.18050000 0.49923288
0.18150000 0.49922798
0.18250000 0.49919495
0.18350000 0.49916545
0.18450000 0.49911637
0.18550000 0.49908944
0.18650000 0.49907467
0.18750000 0.49910239
0.18850000 0.49906923
0.18950000 0.49913930
0.19050000 0.49910342
0.19150000 0.49916279
0.19250000 0.49916853
0.19350000 0.49920804
0.19450000 0.49926772
0.19550000 0.49910635
0.19650000 0.49936969
0.19750000 0.49943309
0.19850000 0.49950484
0.19950000 0.49959079
0.20050000 0.49966118
0.20150000 0.49975582
0.20250000 0.49985359
0.20350000 0.49995661
0.20450000 0.50006826
0.20550000 0.50020468
0.20650000 0.50032551
0.20750000 0.50043063
0.20850000 0.50056895
0.20950000 0.50069412
0.21050000 0.50087879
0.21150000 0.50100356
0.21250000 0.50110183
0.21350000 0.50131420
0.21450000 0.50139659
0.21550000 0.50160960
0.21650000 0.50181338
0.21750000 0.50158465
0.21850000 0.50141306
0.21950000 0.50122547
0.22050000 0.50109317
0.22150000 0.50091338
0.22250000 0.50077476
0.22350000 0.50061343
0.22450000 0.50048581
0.22550000 0.50035605
0.22650000 0.50023238
0.22750000 0.50012371
0.22850000 0.50001935
0.22950000 0.49992307
0.23050000 0.49983066
0.23150000 0.49974379
0.23250000 0.49967433
0.23350000 0.49960340
0.23450000 0.49954337
0.23550000 0.49948099
0.23650000 0.49945137
0.23750000 0.49940166
0.23850000 0.49937203
0.23950000 0.49934045
0.24050000 0.49926970
0.24150000 0.49929067
0.24250000 0.49928793
0.24350000 0.49926353
0.24450000 0.49926398
0.24550000 0.49924403
0.24650000 0.49928728
0.24750000 0.49928338
0.24850000 0.49928279
0.24950000 0.49928735
0.25050000 0.49929907
0.25150000 0.49936457
0.25250000 0.49941403
0.25350000 0.49944359
0.25450000 0.49947977
0.25550000 0.49949987
0.25650000 0.49957743
0.25750000 0.49961843
0.25850000 0.49968496
0.25950000 0.49975386
0.26050000 0.49980621
0.26150000 0.49988011
0.26250000 0.49995673
0.26350000 0.50003363
0.26450000 0.50011354
0.26550000 0.50020143
0.26650000 0.50028365
0.26750000 0.50037558
0.26850000 0.50046405
0.26950000 0.50054462
0.27050000 0.50068956
0.27150000 0.50075552
0.27250000 0.50091175
0.27350000 0.50111468
0.27450000 0.50136357
0.27550000 0.50139602
0.27650000 0.50179252
0.27750000 0.50120465
0.27850000 0.50105423
0.27950000 0.50103181
0.28050000 0.50093031
0.28150000 0.50071813
0.28250000 0.50059524
0.28350000 0.50048824
0.28450000 0.50043171
0.28550000 0.50030700
0.28650000 0.50020624
0.28750000 0.50011980
0.28850000 0.50005494
0.28950000 0.49997275
0.29050000 0.49989972
0.29150000 0.49984466
0.29250000 0.49978771
0.29350000 0.49972538
0.29450000 0.49967817
0.29550000 0.49962459
0.29650000 0.49961859
0.29750000 0.49957546
0.29850000 0.49953916
0.29950000 0.49954215
0.30050000 0.49948303
0.30150000 0.49948546
0.30250000 0.49940169
0.30350000 0.49948848
0.30450000 0.49945924
0.30550000 0.49946308
0.30650000 0.49945372
0.30750000 0.49947384
0.30850000 0.49947123
0.30950000 0.49948497
0.31050000 0.49923629
0.31150000 0.49948062
0.31250000 0.49953210
0.31350000 0.49955216
0.31450000 0.49957549
0.31550000 0.49960002
0.31650000 0.49963328
0.31750000 0.49966162
0.31850000 0.49968572
0.31950000 0.49973373
0.32050000 0.49972143
0.32150000 0.49979922
0.32250000 0.49982943
0.32350000 0.49989573
0.32450000 0.49994402
0.32550000 0.49999924
0.32650000 0.50005671
0.32750000 0.50010852
0.32850000 0.50017170
0.32950000 0.50023466
0.33050000 0.50029141
0.33150000 0.50036788
0.33250000 0.50044831
0.33350000 0.50051430
0.33450000 0.50054612
0.33550000 0.50059621
0.33650000 0.50066661
0.33750000 0.50075008
0.33850000 0.50086675
0.33950000 0.50088824
0.34050000 0.50105306
0.34150000 0.50101878
0.34250000 0.50081888
0.34350000 0.50064276
0.34450000 0.50061634
0.34550000 0.50054712
0.34650000 0.50047872
0.34750000 0.50038385
0.34850000 0.50032640
0.34950000 0.50026202
0.35050000 0.50020606
0.35150000 0.50013192
0.35250000 0.50008255
0.35350000 0.50003221
0.35450000 0.49998671
0.35550000 0.49993626
0.35650000 0.49990408
0.35750000 0.49986864
0.35850000 0.49983828
0.35950000 0.49980782
0.36050000 0.49976403
0.36150000 0.49974834
0.36250000 0.49972215
0.36350000 0.49970850
0.36450000 0.49965929
0.36550000 0.49965834
0.36650000 0.49965269
0.36750000 0.49964507
0.36850000 0.49964277
0.36950000 0.49963320
0.37050000 0.49961555
0.37150000 0.49961288
0.37250000 0.49961161
0.37350000 0.49957873
0.37450000 0.49963173
0.37550000 0.49962148
0.37650000 0.49963090
0.37750000 0.49965830
0.37850000 0.49966107
0.37950000 0.49966939
0.38050000 0.49967041
0.38150000 0.49968015
0.38250000 0.49967894
0.38350000 0.49972181
0.38450000 0.49974699
0.38550000 0.49976206
0.38650000 0.49977800
0.38750000 0.49980853
0.38850000 0.49982736
0.38950000 0.49984555
0.39050000 0.49987263
0.39150000 0.49988755
0.39250000 0.49992457
0.39350000 0.49995295
0.39450000 0.49998130
0.39550000 0.50001001
0.39650000 0.50004110
0.39750000 0.50007442
0.39850000 0.50009969
0.39950000 0.50012579
0.40050000 0.50019651
0.40150000 0.50019202
0.40250000 0.50022324
0.40350000 0.50025806
0.40450000 0.50029236
0.40550000 0.50032749
0.40650000 0.50037375
0.40750000 0.50039743
0.40850000 0.50050167
0.40950000 0.50066738
0.41050000 0.50053775
0.41150000 0.50052758
0.41250000 0.50055329
0.41350000 0.50051284
0.41450000 0.50045876
0.41550000 0.50049640
0.41650000 0.50044354
0.41750000 0.50037623
0.41850000 0.50033356
0.41950000 0.50029139
0.42050000 0.50027253
0.42150000 0.50020099
0.42250000 0.50016585
0.42350000 0.50012042
0.42450000 0.50009698
0.42550000 0.50006626
0.42650000 0.50004341
0.42750000 0.50001434
0.42850000 0.49998699
0.42950000 0.49996321
0.43050000 0.49994148
0.43150000 0.49992909
0.43250000 0.49990293
0.43350000 0.49989186
0.43450000 0.49987444
0.43550000 0.49983425
0.43650000 0.49985638
0.43750000 0.49983492
0.43850000 0.49981929
0.43950000 0.49982328
0.44050000 0.49979911
0.44150000 0.49981860
0.44250000 0.49980810
0.44350000 0.49979809
0.44450000 0.49976402
0.44550000 0.49979020
0.44650000 0.49978392
0.44750000 0.49974117
0.44850000 0.49975408
0.44950000 0.49979639
0.45050000 0.49977942
0.45150000 0.49978339
0.45250000 0.49979070
0.45350000 0.49976056
0.45450000 0.49980668
0.45550000 0.49978498
0.45650000 0.49976940
0.45750000 0.49978206
0.45850000 0.49978561
0.45950000 0.49980775
0.46050000 0.49981190
0.46150000 0.49983093
0.46250000 0.49970965
0.46350000 0.49984692
0.46450000 0.49986575
0.46550000 0.49987782
0.46650000 0.49988828
0.46750000 0.49988819
0.46850000 0.49989005
0.46950000 0.49991913
0.47050000 0.49990995
0.47150000 0.49988905
0.47250000 0.49986284
0.47350000 0.49989939
0.47450000 0.49997904
0.47550000 0.49999284
0.47650000 0.50000680
0.47750000 0.50002476
0.47850000 0.50004687
0.47950000 0.50004964
0.48050000 0.50010830
0.48150000 0.50009882
0.48250000 0.50012754
0.48350000 0.50025123
0.48450000 0.50035477
0.48550000 0.50040286
0.48650000 0.50025787
0.48750000 0.50023675
0.48850000 0.50034284
0.48950000 0.50023357
0.49050000 0.50029408
0.49150000 0.50027195
0.49250000 0.50027751
0.49350000 0.50029779
0.49450000 0.50031390
0.49550000 0.50027209
0.49650000 0.50026284
0.49750000 0.50024378
0.49850000 0.50028203
0.49950000 0.50020899
0.50050000 0.50021700
0.50150000 0.50015309
0.50250000 0.50013808
0.50350000 0.50012301
0.50450000 0.50009961
0.50550000 0.50008542
0.50650000 0.50007390
0.50750000 0.50006394
0.50850000 0.50006060
0.50950000 0.50003113
0.51050000 0.50002149
0.51150000 0.50000918
0.51250000 0.49999858
0.51350000 0.49998841
0.51450000 0.49997393
0.51550000 0.49994028
0.51650000 0.49989022
0.51750000 0.49991529
0.51850000 0.49994680
0.51950000 0.49994828
0.52050000 0.49993762
0.52150000 0.49993389
0.52250000 0.49992389
0.52350000 0.49992548
0.52450000 0.49991289
0.52550000 0.49991692
0.52650000 0.49989000
0.52750000 0.49987164
0.52850000 0.49981082
0.52950000 0.49975879
0.53050000 0.49979442
0.53150000 0.49985830
0.53250000 0.49987382
0.53350000 0.49983452
0.53450000 0.49990442
0.53550000 0.49989672
0.53650000 0.49989798
0.53750000 0.49989685
0.53850000 0.49990132
0.53950000 0.49990093
0.54050000 0.49989124
0.54150000 0.49991072
0.54250000 0.49988530
0.54350000 0.49990841
0.54450000 0.49990257
0.54550000 0.49990780
0.54650000 0.49990647
0.54750000 0.49990533
0.54850000 0.49991604
0.54950000 0.49991473
0.55050000 0.49992308
0.55150000 0.49991967
0.55250000 0.49994243
0.55350000 0.49993691
0.55450000 0.49994166
0.55550000 0.49995396
0.55650000 0.49994581
0.55750000 0.49996113
0.55850000 0.49996655
0.55950000 0.49997128
0.56050000 0.49997529
0.56150000 0.49998523
0.56250000 0.49998999
0.56350000 0.49999723
0.56450000 0.50000405
0.56550000 0.50000984
0.56650000 0.50001877
0.56750000 0.50002299
0.56850000 0.50003575
0.56950000 0.50004501
0.57050000 0.50005638
0.57150000 0.50005369
0.57250000 0.50006913
0.57350000 0.50008553
0.57450000 0.50009306
0.57550000 0.50009923
0.57650000 0.50016473
0.57750000 0.50011335
0.57850000 0.50015094
0.57950000 0.50012183
0.58050000 0.50010786
0.58150000 0.50012620
0.58250000 0.50014367
0.58350000 0.50012892
0.58450000 0.50014982
0.58550000 0.50015314
0.58650000 0.50017938
0.58750000 0.50018286
0.58850000 0.50019281
0.58950000 0.50013581
0.59050000 0.50014803
0.59150000 0.50016328
0.59250000 0.50009915
0.59350000 0.50008642
0.59450000 0.50007157
0.59550000 0.50006039
0.59650000 0.50008283
0.59750000 0.50004799
0.59850000 0.50004449
0.59950000 0.50003689
0.60050000 0.50002928
0.60150000 0.50002215
0.60250000 0.50001508
0.60350000 0.50001074
0.60450000 0.50000560
0.60550000 0.49999974
0.60650000 0.49999397
0.60750000 0.49999038
0.60850000 0.49998363
0.60950000 0.49998095
0.61050000 0.49997542
0.61150000 0.49996812
0.61250000 0.49997100
0.61350000 0.49994689
0.61450000 0.49996260
0.61550000 0.49995997
0.61650000 0.49996235
0.61750000 0.49995871
0.61850000 0.49995081
0.61950000 0.49996467
0.62050000 0.49995526
0.62150000 0.49994804
0.62250000 0.49993428
0.62350000 0.49995057
0.62450000 0.49995515
0.62550000 0.49995260
0.62650000 0.49995361
0.62750000 0.49995625
0.62850000 0.49994079
0.62950000 0.49994968
0.63050000 0.49994231
0.63150000 0.49993658
0.63250000 0.49994717
0.63350000 0.49993556
0.63450000 0.49994189
0.63550000 0.49993706
0.63650000 0.49995179
0.63750000 0.49994116
0.63850000 0.49994166
0.63950000 0.49992162
0.64050000 0.49991559
0.64150000 0.49994143
0.64250000 0.49995017
0.64350000 0.49995593
0.64450000 0.49996216
0.64550000 0.49995841
0.64650000 0.49995370
0.64750000 0.49995603
0.64850000 0.49995447
0.64950000 0.49992884
0.65050000 0.49995581
0.65150000 0.49996330
0.65250000 0.49996736
0.65350000 0.49996366
0.65450000 0.49997594
0.65550000 0.49996834
0.65650000 0.49996547
0.65750000 0.49997088
0.65850000 0.49995653
0.65950000 0.49997237
0.66050000 0.49997418
0.66150000 0.49997786
0.66250000 0.49998266
0.66350000 0.49998009
0.66450000 0.49998274
0.66550000 0.49998367
0.66650000 0.49998657
0.66750000 0.49997281
0.66850000 0.49998863
0.66950000 0.49999250
0.67050000 0.49999222
0.67150000 0.49999406
0.67250000 0.49999618
0.67350000 0.49999800
0.67450000 0.49999996
0.67550000 0.50000188
0.67650000 0.50000498
0.67750000 0.50005807
0.67850000 0.50000746
0.67950000 0.50000961
0.68050000 0.50001169
0.68150000 0.50001910
0.68250000 0.50001662
0.68350000 0.50002276
0.68450000 0.50003713
0.68550000 0.50002786
0.68650000 0.50003418
0.68750000 0.50007725
0.68850000 0.50004606
0.68950000 0.50004113
0.69050000 0.50003251
0.69150000 0.50002302
0.69250000 0.50002861
0.69350000 0.50035976
0.69450000 0.50003356
0.69550000 0.50003343
0.69650000 0.50003580
0.69750000 0.50003990
0.69850000 0.50003341
0.69950000 0.50007401
0.70050000 0.50003890
0.70150000 0.50004791
0.70250000 0.50003820
0.70350000 0.50003989
0.70450000 0.50003284
0.70550000 0.50003354
0.70650000 0.50003929
0.70750000 0.50002569
0.70850000 0.50002958
0.70950000 0.50002464
0.71050000 0.50002635
0.71150000 0.50001742
0.71250000 0.50002163
0.71350000 0.50001480
0.71450000 0.50002711
0.71550000 0.50001600
0.71650000 0.50001202
0.71750000 0.50001326
0.71850000 0.50000740
0.71950000 0.50000781
0.72050000 0.50000677
0.72150000 0.50000609
0.72250000 0.50000765
0.72350000 0.50000461
0.72450000 0.50000276
0.72550000 0.50000228
0.72650000 0.50000211
0.72750000 0.50000091
0.72850000 0.50000026
0.72950000 0.49999946
0.73050000 0.49999831
0.73150000 0.49999853
0.73250000 0.49999689
0.73350000 0.49999625
0.73450000 0.49999525
0.73550000 0.49999614
0.73650000 0.49999513
0.73750000 0.49999244
0.73850000 0.49997953
0.73950000 0.49999356
0.74050000 0.49971473
0.74150000 0.49999467
0.74250000 0.49999476
0.74350000 0.49999406
0.74450000 0.49999511
0.74550000 0.49999321
0.74650000 0.49999087
0.74750000 0.49999023
0.74850000 0.49999300
0.74950000 0.49999298
0.75050000 0.49998867
0.75150000 0.49999375
0.75250000 0.49998689
0.75350000 0.49999296
0.75450000 0.49999208
0.75550000 0.49999120
0.75650000 0.49999289
0.75750000 0.49999224
0.75850000 0.49999159
0.75950000 0.49999055
0.76050000 0.49999033
0.76150000 0.49999133
0.76250000 0.49998914
0.76350000 0.49999218
0.76450000 0.49999004
0.76550000 0.49998636
0.76650000 0.49999393
0.76750000 0.49999497
0.76850000 0.49998969
0.76950000 0.49998066
0.77050000 0.49998894
0.77150000 0.49998719
0.77250000 0.49998925
0.77350000 0.49999279
0.77450000 0.49999151
0.77550000 0.49999259
0.77650000 0.49999286
0.77750000 0.49999403
0.77850000 0.49999473
0.77950000 0.49999553
0.78050000 0.49999551
0.78150000 0.49998880
0.78250000 0.49999652
0.78350000 0.49999647
0.78450000 0.49999753
0.78550000 0.49999700
0.78650000 0.49999658
0.78750000 0.49999691
0.78850000 0.49999695
0.78950000 0.49999853
0.79050000 0.49999757
0.79150000 0.49999922
0.79250000 0.49999974
0.79350000 0.50000007
0.79450000 0.50000048
0.79550000 0.50000089
0.79650000 0.50000106
0.79750000 0.50000113
0.79850000 0.50000156
0.79950000 0.50000239
0.80050000 0.50000312
0.80150000 0.50000302
0.80250000 0.50000145
0.80350000 0.50000297
0.80450000 0.50000330
0.80550000 0.50000583
0.80650000 0.50000479
0.80750000 0.50000370
0.80850000 0.50000495
0.80950000 0.50000585
0.81050000 0.50000355
0.81150000 0.50000673
0.81250000 0.50000813
0.81350000 0.50000666
0.81450000 0.50000601
0.81550000 0.50000599
0.81650000 0.50000633
0.81750000 0.50000376
0.81850000 0.50000703
0.81950000 0.50000508
0.82050000 0.50000679
0.82150000 0.50000762
0.82250000 0.50000851
0.82350000 0.50001001
0.82450000 0.50000813
0.82550000 0.50000545
0.82650000 0.50000694
0.82750000 0.50000788
0.82850000 0.50000341
0.82950000 0.50000496
0.83050000 0.50000515
0.83150000 0.50002059
0.83250000 0.50000711
0.83350000 0.50000982
0.83450000 0.50001101
0.83550000 0.50000875
0.83650000 0.50000181
0.83750000 0.50000934
0.83850000 0.50000675
0.83950000 0.50000298
0.84050000 0.50010015
0.84150000 0.50001254
0.84250000 0.50000371
0.84350000 0.50001783
0.84450000 0.50000684
0.84550000 0.50000574
0.84650000 0.50000471
0.84750000 0.50000600
0.84850000 0.50000429
0.84950000 0.50000204
0.85050000 0.50000518
0.85150000 0.50000246
0.85250000 0.50000175
0.85350000 0.50000165
0.85450000 0.50000207
0.85550000 0.50000583
0.85650000 0.50000045
0.85750000 0.50000212
0.85850000 0.50000079
0.85950000 0.50000145
0.86050000 0.50000133
0.86150000 0.50000030
0.86250000 0.50000028
0.86350000 0.50000049
0.86450000 0.50000066
0.86550000 0.50000000
0.86650000 0.50000049
0.86750000 0.50000014
0.86850000 0.50000066
0.86950000 0.50000008
0.87050000 0.50000006
0.87150000 0.50000016
0.87250000 0.50000001
0.87350000 0.49999995
0.87450000 0.49999992
0.87550000 0.49999974
0.87650000 0.49999982
0.87750000 0.49999989
0.87850000 0.49999946
0.87950000 0.49999984
0.88050000 0.49999964
0.88150000 0.49999980
0.88250000 0.49999933
0.88350000 0.49999976
0.88450000 0.49999895
0.88550000 0.50000000
0.88650000 0.49999909
0.88750000 0.49999968
0.88850000 0.49999932
0.88950000 0.50000000
0.89050000 0.49999925
0.89150000 0.49999961
0.89250000 0.50000000
0.89350000 0.49999871
0.89450000 0.50000000
0.89550000 0.49999954
0.89650000 0.50000000
0.89750000 0.49999901
0.89850000 0.49999898
0.89950000 0.50000000
0.90050000 0.49991742
0.90150000 0.49999890
0.90250000 0.49999944
0.90350000 0.50000000
0.90450000 0.50000000
0.90550000 0.49999940
0.90650000 0.49999939
0.90750000 0.49999938
0.90850000 0.49999428
0.90950000 0.49999935
0.91050000 0.50000000
0.91150000 0.49999933
0.91250000 0.49999865
0.91350000 0.49999932
0.91450000 0.49999931
0.91550000 0.50000000
0.91650000 0.50000000
0.91750000 0.50000000
0.91850000 0.50000000
0.91950000 0.49999927
0.92050000 0.50000000
0.92150000 0.50000000
0.92250000 0.49999850
0.92350000 0.49999321
0.92450000 0.50000000
0.92550000 0.49999847
0.92650000 0.50000000
0.92750000 0.50000000
0.92850000 0.50000000
0.92950000 0.49999767
0.93050000 0.49999610
0.93150000 0.50000000
0.93250000 0.49999922
0.93350000 0.50000000
0.93450000 0.50000000
0.93550000 0.50000000
0.93650000 0.49999921
0.93750000 0.50000000
0.93850000 0.50000000
0.93950000 0.50000000
0.94050000 0.49999922
0.94150000 0.50000000
0.94250000 0.50000000
0.94350000 0.49999922
0.94450000 0.50000000
0.94550000 0.50000000
0.94650000 0.50000000
0.94750000 0.50000000
0.94850000 0.50000000
0.94950000 0.50000000
0.95050000 0.50000000
0.95150000 0.50000000
0.95250000 0.50000000
0.95350000 0.50000000
0.95450000 0.50000000
0.95550000 0.50000000
0.95650000 0.49999504
0.95750000 0.50000000
0.95850000 0.50000000
0.95950000 0.50000000
0.96050000 0.50000000
0.96150000 0.49999934
0.96250000 0.50000000
0.96350000 0.49999936
0.96450000 0.50000000
0.96550000 0.50000000
0.96650000 0.50000000
0.96750000 0.50000000
0.96850000 0.50000000
0.96950000 0.50000000
0.97050000 0.49999944
0.97150000 0.49999945
0.97250000 0.50000000
0.97350000 0.50000000
0.97450000 0.50000000
0.97550000 0.50000000
0.97650000 0.50000000
0.97750000 0.50000000
0.97850000 0.50000000
0.97950000 0.50000000
0.98050000 0.50000000
0.98150000 0.49999726
0.98250000 0.50000000
0.98350000 0.50000000
0.98450000 0.49999933
0.98550000 0.50000000
0.98650000 0.50000000
0.98750000 0.50000000
0.98850000 0.50000000
0.98950000 0.50000000
0.99050000 0.50000000
0.99150000 0.50000000
0.99250000 0.50000000
0.99350000 0.50000000
0.99450000 0.50000000
0.99550000 0.50000000
0.99650000 0.49999992
0.99750000 0.50000000
0.99850000 0.50000000
0.99950000 0.49999994
