0.00000000 0.00000000
0.00050000 0.58847403
0.00150000 0.49580628
0.00250000 0.40313853
0.00350000 0.31047078
0.00450000 0.29635642
0.00550000 0.29432720
0.00650000 0.26722583
0.00750000 0.24494949
0.00850000 0.25735029
0.00950000 0.21446609
0.01050000 0.24219877
0.01150000 0.23678752
0.01250000 0.23764430
0.01350000 0.28521825
0.01450000 0.23566017
0.01550000 0.25103716
0.01650000 0.34307359
0.01750000 0.22348485
0.01850000 0.24039502
0.01950000 0.22023810
0.02050000 0.35290404
0.02150000 0.24589646
0.02250000 0.23060967
0.02350000 0.28039322
0.02450000 0.22754329
0.02550000 0.21640512
0.02650000 0.23795996
0.02750000 0.20386905
0.02850000 0.22610029
0.02950000 0.18759019
0.03050000 0.22289863
0.03150000 0.20680014
0.03250000 0.20071248
0.03350000 0.22289863
0.03450000 0.22420635
0.03550000 0.22393579
0.03650000 0.24292027
0.03750000 0.23110570
0.03850000 0.26587302
0.03950000 0.25946970
0.04050000 0.30686328
0.04150000 0.27033730
0.04250000 0.26312229
0.04350000 0.29951299
0.04450000 0.26668470
0.04550000 0.30303030
0.04650000 0.32472042
0.04750000 0.29689755
0.04850000 0.30961400
0.04950000 0.35971320
0.05050000 0.31732504
0.05150000 0.32661436
0.05250000 0.32435967
0.05350000 0.36755952
0.05450000 0.32598304
0.05550000 0.36007395
0.05650000 0.41941739
0.05750000 0.34816919
0.05850000 0.35876623
0.05950000 0.34600469
0.06050000 0.41851551
0.06150000 0.39853896
0.06250000 0.36363636
0.06350000 0.45003608
0.06450000 0.36755952
0.06550000 0.40507756
0.06650000 0.43808622
0.06750000 0.36927309
0.06850000 0.40372475
0.06950000 0.40083874
0.07050000 0.42113095
0.07150000 0.38478535
0.07250000 0.40602453
0.07350000 0.41630592
0.07450000 0.38063672
0.07550000 0.38947511
0.07650000 0.40913600
0.07750000 0.38153860
0.07850000 0.44787157
0.07950000 0.39466089
0.08050000 0.42703824
0.08150000 0.52096861
0.08250000 0.44191919
0.08350000 0.45815296
0.08450000 0.45788240
0.08550000 0.49341631
0.08650000 0.50459957
0.08750000 0.52565837
0.08850000 0.53878066
0.08950000 0.56682900
0.09050000 0.60380592
0.09150000 0.53860029
0.09250000 0.56750541
0.09350000 0.55627706
0.09450000 0.53932179
0.09550000 0.57174423
0.09650000 0.63072691
0.09750000 0.53575938
0.09850000 0.55018939
0.09950000 0.65192100
0.10050000 0.61525974
0.10150000 0.56146284
0.10250000 0.56764069
0.10350000 0.58040224
0.10450000 0.59884560
0.10550000 0.61940837
0.10650000 0.55217352
0.10750000 0.58098846
0.10850000 0.59289322
0.10950000 0.69223485
0.11050000 0.58518218
0.11150000 0.57895924
0.11250000 0.63000541
0.11350000 0.63961039
0.11450000 0.65625000
0.11550000 0.62693903
0.11650000 0.65859488
0.11750000 0.66964286
0.11850000 0.81024531
0.11950000 0.62883297
0.12050000 0.68952922
0.12150000 0.73024892
0.12250000 0.71816378
0.12350000 0.71027237
0.12450000 0.69187410
0.12550000 0.73209776
0.12650000 0.78237734
0.12750000 0.84943182
0.12850000 0.73137626
0.12950000 0.71802850
0.13050000 0.78990801
0.13150000 0.75284091
0.13250000 0.74161255
0.13350000 0.75148810
0.13450000 0.78805916
0.13550000 0.74400253
0.13650000 0.93262987
0.13750000 0.78300866
0.13850000 0.74472403
0.13950000 0.84429113
0.14050000 0.79500361
0.14150000 0.77241162
0.14250000 0.76862374
0.14350000 0.82503608
0.14450000 0.73290945
0.14550000 0.93759019
0.14650000 0.81488997
0.14750000 0.86575577
0.14850000 0.84099928
0.14950000 0.79270382
0.15050000 0.88325216
0.15150000 0.86025433
0.15250000 0.91468254
0.15350000 0.86742424
0.15450000 0.97231241
0.15550000 0.85696248
0.15650000 0.93619228
0.15750000 0.88726551
0.15850000 0.87932900
0.15950000 0.86025433
0.16050000 0.94584235
0.16150000 0.83558802
0.16250000 0.92748918
0.16350000 0.99842172
0.16450000 0.85069444
0.16550000 0.89533730
0.16650000 0.89790765
0.16750000 0.85416667
0.16850000 0.87116703
0.16950000 0.90458153
0.17050000 0.86913781
0.17150000 0.88144841
0.17250000 0.97605519
0.17350000 0.91436688
0.17450000 0.87242965
0.17550000 0.83473124
0.17650000 0.88370310
0.17750000 0.88189935
0.17850000 0.91360029
0.17950000 0.84532828
0.18050000 0.90737734
0.18150000 0.98331530
0.18250000 0.89380411
0.18350000 0.85962302
0.18450000 0.88501082
0.18550000 0.88433442
0.18650000 0.90435606
0.18750000 0.84943182
0.18850000 0.89867424
0.18950000 0.86525974
0.19050000 0.96369949
0.19150000 0.88816739
0.19250000 0.89736652
0.19350000 0.87504509
0.19450000 0.87608225
0.19550000 0.91323954
0.19650000 0.89407468
0.19750000 0.89732143
0.19850000 0.88726551
0.19950000 0.96040765
0.20050000 0.92789502
0.20150000 0.86841631
0.20250000 0.92536977
0.20350000 0.84663600
0.20450000 0.94660895
0.20550000 0.88983586
0.20650000 0.94178391
0.20750000 0.88911436
0.20850000 0.92185245
0.20950000 0.98187229
0.21050000 0.92654221
0.21150000 0.95030664
0.21250000 0.92090548
0.21350000 0.97546898
0.21450000 0.93641775
0.21550000 0.92374639
0.21650000 0.93082612
0.21750000 0.91436688
0.21850000 1.00000000
0.21950000 0.89209055
0.22050000 0.92451299
0.22150000 0.92645202
0.22250000 0.92730880
0.22350000 0.89051227
0.22450000 0.89100830
0.22550000 0.94836760
0.22650000 0.88451479
0.22750000 0.95071248
0.22850000 0.87509019
0.22950000 0.90656566
0.23050000 0.90020743
0.23150000 0.90498737
0.23250000 0.83432540
0.23350000 0.92757937
0.23450000 0.83856421
0.23550000 0.88090729
0.23650000 0.87802128
0.23750000 0.89384921
0.23850000 0.84230700
0.23950000 0.84938672
0.24050000 0.89556277
0.24150000 0.84131494
0.24250000 0.86589105
0.24350000 0.85515873
0.24450000 0.85321970
0.24550000 0.87157287
0.24650000 0.84604978
0.24750000 0.86038961
0.24850000 0.84618506
0.24950000 0.77908550
0.25050000 0.91242785
0.25150000 0.83924062
0.25250000 0.84893579
0.25350000 0.83319805
0.25450000 0.84839466
0.25550000 0.83779762
0.25650000 0.83910534
0.25750000 0.82255592
0.25850000 0.81867785
0.25950000 0.79829545
0.26050000 0.85854076
0.26150000 0.79635642
0.26250000 0.80569084
0.26350000 0.82174423
0.26450000 0.80406746
0.26550000 0.79793470
0.26650000 0.82819264
0.26750000 0.77047258
0.26850000 0.82562229
0.26950000 0.80591631
0.27050000 0.78932179
0.27150000 0.78909632
0.27250000 0.82801227
0.27350000 0.81538600
0.27450000 0.78057359
0.27550000 0.82485570
0.27650000 0.77976190
0.27750000 0.82169913
0.27850000 0.76785714
0.27950000 0.76925505
0.28050000 0.77141955
0.28150000 0.83220599
0.28250000 0.74373196
0.28350000 0.79671717
0.28450000 0.74395743
0.28550000 0.75302128
0.28650000 0.78165584
0.28750000 0.75297619
0.28850000 0.75974026
0.28950000 0.72470238
0.29050000 0.79414683
0.29150000 0.77371934
0.29250000 0.74517496
0.29350000 0.73877165
0.29450000 0.73444264
0.29550000 0.78336941
0.29650000 0.72082431
0.29750000 0.73773449
0.29850000 0.72591991
0.29950000 0.62766053
0.30050000 0.86945346
0.30150000 0.72104978
0.30250000 0.72830988
0.30350000 0.70535714
0.30450000 0.74828644
0.30550000 0.70377886
0.30650000 0.72537879
0.30750000 0.69124278
0.30850000 0.72082431
0.30950000 0.69489538
0.31050000 0.72064394
0.31150000 0.67000361
0.31250000 0.66590007
0.31350000 0.68831169
0.31450000 0.62752525
0.31550000 0.64078283
0.31650000 0.63014069
0.31750000 0.61503427
0.31850000 0.66161616
0.31950000 0.61918290
0.32050000 0.64019661
0.32150000 0.59893579
0.32250000 0.61913781
0.32350000 0.60353535
0.32450000 0.58139430
0.32550000 0.60015332
0.32650000 0.59735750
0.32750000 0.62035534
0.32850000 0.57178932
0.32950000 0.55514971
0.33050000 0.57792208
0.33150000 0.59586941
0.33250000 0.54292929
0.33350000 0.59014250
0.33450000 0.55122655
0.33550000 0.56213925
0.33650000 0.56304113
0.33750000 0.56592713
0.33850000 0.54112554
0.33950000 0.53675144
0.34050000 0.56827201
0.34150000 0.54915224
0.34250000 0.54843074
0.34350000 0.53517316
0.34450000 0.53152056
0.34550000 0.55163240
0.34650000 0.54153139
0.34750000 0.55149711
0.34850000 0.51961580
0.34950000 0.57264610
0.35050000 0.49977453
0.35150000 0.50162338
0.35250000 0.53648088
0.35350000 0.50721501
0.35450000 0.52669553
0.35550000 0.52187049
0.35650000 0.50198413
0.35750000 0.52159993
0.35850000 0.50076659
0.35950000 0.48759921
0.36050000 0.53147547
0.36150000 0.50698954
0.36250000 0.49630231
0.36350000 0.50996573
0.36450000 0.49395743
0.36550000 0.48507395
0.36650000 0.50937951
0.36750000 0.46645022
0.36850000 0.50748557
0.36950000 0.48214286
0.37050000 0.48575036
0.37150000 0.48886183
0.37250000 0.48899711
0.37350000 0.47939214
0.37450000 0.45639430
0.37550000 0.48687771
0.37650000 0.46766775
0.37750000 0.46360931
0.37850000 0.45152417
0.37950000 0.40954185
0.38050000 0.48331530
0.38150000 0.44944986
0.38250000 0.44994589
0.38350000 0.41580988
0.38450000 0.44277597
0.38550000 0.43150253
0.38650000 0.43163781
0.38750000 0.37702922
0.38850000 0.39461580
0.38950000 0.35781926
0.39050000 0.40620491
0.39150000 0.39091811
0.39250000 0.36079545
0.39350000 0.35362554
0.39450000 0.35046898
0.39550000 0.36927309
0.39650000 0.33599387
0.39750000 0.34650072
0.39850000 0.33013167
0.39950000 0.34568903
0.40050000 0.36562049
0.40150000 0.32318723
0.40250000 0.32877886
0.40350000 0.33107864
0.40450000 0.34785354
0.40550000 0.31768579
0.40650000 0.31308622
0.40750000 0.30893759
0.40850000 0.32160895
0.40950000 0.32269120
0.41050000 0.27994228
0.41150000 0.28900613
0.41250000 0.28896104
0.41350000 0.29806999
0.41450000 0.26420455
0.41550000 0.27520743
0.41650000 0.26709055
0.41750000 0.26339286
0.41850000 0.26695527
0.41950000 0.23227814
0.42050000 0.25901876
0.42150000 0.22993326
0.42250000 0.25045094
0.42350000 0.23024892
0.42450000 0.22362013
0.42550000 0.23137626
0.42650000 0.22758838
0.42750000 0.21775794
0.42850000 0.21302309
0.42950000 0.19796176
0.43050000 0.21243687
0.43150000 0.21148990
0.43250000 0.20486111
0.43350000 0.21428571
0.43450000 0.20955087
0.43550000 0.20021645
0.43650000 0.20625902
0.43750000 0.19895382
0.43850000 0.20206530
0.43950000 0.17789502
0.44050000 0.20594336
0.44150000 0.18344156
0.44250000 0.19863817
0.44350000 0.17306999
0.44450000 0.19034091
0.44550000 0.18574134
0.44650000 0.19588745
0.44750000 0.17784993
0.44850000 0.17974387
0.44950000 0.17699315
0.45050000 0.18019481
0.45150000 0.18619228
0.45250000 0.17807540
0.45350000 0.19385823
0.45450000 0.18276515
0.45550000 0.18542569
0.45650000 0.16797439
0.45750000 0.17320527
0.45850000 0.16810967
0.45950000 0.18366703
0.46050000 0.15701659
0.46150000 0.16202201
0.46250000 0.17784993
0.46350000 0.16626082
0.46450000 0.16188672
0.46550000 0.14966631
0.46650000 0.16035354
0.46750000 0.15025253
0.46850000 0.15498737
0.46950000 0.14889971
0.47050000 0.14641955
0.47150000 0.15097403
0.47250000 0.14114358
0.47350000 0.15070346
0.47450000 0.14709596
0.47550000 0.15530303
0.47650000 0.13740079
0.47750000 0.14763709
0.47850000 0.15219156
0.47950000 0.12220418
0.48050000 0.15661075
0.48150000 0.14560786
0.48250000 0.15273268
0.48350000 0.14411977
0.48450000 0.13933983
0.48550000 0.13117785
0.48650000 0.15521284
0.48750000 0.13906926
0.48850000 0.14163961
0.48950000 0.13546176
0.49050000 0.14790765
0.49150000 0.14443543
0.49250000 0.13622835
0.49350000 0.13906926
0.49450000 0.13559704
0.49550000 0.13424423
0.49650000 0.13636364
0.49750000 0.14069264
0.49850000 0.13744589
0.49950000 0.10542929
0.50050000 0.16337482
0.50150000 0.12581169
0.50250000 0.12757035
0.50350000 0.12265512
0.50450000 0.13153860
0.50550000 0.12071609
0.50650000 0.12621753
0.50750000 0.11688312
0.50850000 0.12937410
0.50950000 0.11111111
0.51050000 0.13198954
0.51150000 0.11864177
0.51250000 0.11958874
0.51350000 0.12648810
0.51450000 0.11156205
0.51550000 0.11737915
0.51650000 0.12454906
0.51750000 0.12242965
0.51850000 0.11476371
0.51950000 0.10768398
0.52050000 0.12468434
0.52150000 0.11544012
0.52250000 0.11512446
0.52350000 0.11954365
0.52450000 0.11764971
0.52550000 0.12193362
0.52650000 0.12621753
0.52750000 0.11444805
0.52850000 0.11620671
0.52950000 0.10358045
0.53050000 0.11751443
0.53150000 0.10772908
0.53250000 0.11566558
0.53350000 0.11553030
0.53450000 0.11187771
0.53550000 0.12197872
0.53650000 0.11471861
0.53750000 0.11115620
0.53850000 0.10579004
0.53950000 0.10195707
0.54050000 0.10921717
0.54150000 0.10317460
0.54250000 0.10714286
0.54350000 0.09992785
0.54450000 0.10818001
0.54550000 0.09753788
0.54650000 0.10524892
0.54750000 0.09726732
0.54850000 0.10055916
0.54950000 0.09902597
0.55050000 0.09731241
0.55150000 0.10506854
0.55250000 0.08621934
0.55350000 0.09627525
0.55450000 0.09041306
0.55550000 0.09961219
0.55650000 0.08333333
0.55750000 0.09298341
0.55850000 0.09108947
0.55950000 0.08897006
0.56050000 0.08662518
0.56150000 0.08409993
0.56250000 0.08973665
0.56350000 0.09027778
0.56450000 0.08076299
0.56550000 0.07408911
0.56650000 0.07904942
0.56750000 0.08973665
0.56850000 0.06899351
0.56950000 0.07877886
0.57050000 0.07702020
0.57150000 0.08306277
0.57250000 0.06800144
0.57350000 0.07535173
0.57450000 0.06759560
0.57550000 0.07278139
0.57650000 0.06038059
0.57750000 0.06006494
0.57850000 0.06872294
0.57950000 0.07052670
0.58050000 0.05294012
0.58150000 0.05731421
0.58250000 0.06087662
0.58350000 0.05587121
0.58450000 0.05726912
0.58550000 0.04951299
0.58650000 0.05505952
0.58750000 0.05068543
0.58850000 0.04928752
0.58950000 0.04383117
0.59050000 0.05086580
0.59150000 0.04915224
0.59250000 0.04861111
0.59350000 0.04644661
0.59450000 0.04761905
0.59550000 0.04730339
0.59650000 0.04730339
0.59750000 0.03873557
0.59850000 0.04689755
0.59950000 0.03273810
0.60050000 0.05190296
0.60150000 0.03945707
0.60250000 0.03508297
0.60350000 0.04117063
0.60450000 0.04306457
0.60550000 0.03670635
0.60650000 0.04207251
0.60750000 0.04062951
0.60850000 0.03837482
0.60950000 0.03697691
0.61050000 0.03765332
0.61150000 0.03463203
0.61250000 0.04008838
0.61350000 0.03720238
0.61450000 0.03914141
0.61550000 0.03323413
0.61650000 0.03643579
0.61750000 0.03354978
0.61850000 0.03395563
0.61950000 0.03052850
0.62050000 0.03927670
0.62150000 0.03571429
0.62250000 0.03485750
0.62350000 0.03260281
0.62450000 0.03463203
0.62550000 0.03675144
0.62650000 0.03801407
0.62750000 0.03012266
0.62850000 0.03445166
0.62950000 0.03197150
0.63050000 0.03792388
0.63150000 0.03129509
0.63250000 0.03539863
0.63350000 0.03115981
0.63450000 0.03458694
0.63550000 0.03079906
0.63650000 0.03467713
0.63750000 0.02863456
0.63850000 0.03237734
0.63950000 0.02448593
0.64050000 0.03657107
0.64150000 0.02922078
0.64250000 0.02913059
0.64350000 0.02723665
0.64450000 0.02687590
0.64550000 0.02561328
0.64650000 0.03233225
0.64750000 0.02759740
0.64850000 0.02836400
0.64950000 0.02647006
0.65050000 0.03048341
0.65150000 0.02362915
0.65250000 0.02777778
0.65350000 0.02732684
0.65450000 0.02574856
0.65550000 0.02520743
0.65650000 0.02746212
0.65750000 0.02236652
0.65850000 0.02570346
0.65950000 0.01920996
0.66050000 0.03097944
0.66150000 0.02223124
0.66250000 0.02223124
0.66350000 0.02087843
0.66450000 0.02241162
0.66550000 0.02444084
0.66650000 0.02123918
0.66750000 0.01975108
0.66850000 0.02200577
0.66950000 0.02042749
0.67050000 0.02408009
0.67150000 0.02024711
0.67250000 0.02083333
0.67350000 0.02096861
0.67450000 0.02038240
0.67550000 0.01691017
0.67650000 0.02119408
0.67750000 0.01483586
0.67850000 0.01911977
0.67950000 0.01406926
0.68050000 0.02516234
0.68150000 0.01524170
0.68250000 0.01835317
0.68350000 0.01605339
0.68450000 0.01817280
0.68550000 0.01555736
0.68650000 0.01668470
0.68750000 0.01587302
0.68850000 0.01979618
0.68950000 0.01939033
0.69050000 0.01875902
0.69150000 0.01452020
0.69250000 0.01889430
0.69350000 0.01461039
0.69450000 0.01402417
0.69550000 0.01555736
0.69650000 0.01745130
0.69750000 0.01176948
0.69850000 0.01564755
0.69950000 0.00992063
0.70050000 0.02137446
0.70150000 0.01276154
0.70250000 0.01406926
0.70350000 0.01366342
0.70450000 0.01343795
0.70550000 0.01235570
0.70650000 0.01158911
0.70750000 0.01298701
0.70850000 0.01208514
0.70950000 0.01028139
0.71050000 0.01321248
0.71150000 0.01249098
0.71250000 0.01415945
0.71350000 0.01208514
0.71450000 0.01149892
0.71550000 0.00969517
0.71650000 0.01280664
0.71750000 0.00983045
0.71850000 0.01194986
0.71950000 0.00784632
0.72050000 0.01348304
0.72150000 0.01181457
0.72250000 0.01019120
0.72350000 0.00883838
0.72450000 0.00843254
0.72550000 0.01059704
0.72650000 0.01190476
0.72750000 0.01032648
0.72850000 0.00802670
0.72950000 0.00919913
0.73050000 0.01073232
0.73150000 0.00901876
0.73250000 0.00928932
0.73350000 0.00974026
0.73450000 0.01037157
0.73550000 0.00775613
0.73650000 0.00987554
0.73750000 0.00744048
0.73850000 0.00978535
0.73950000 0.00653860
0.74050000 0.01082251
0.74150000 0.00888348
0.74250000 0.00937951
0.74350000 0.00829726
0.74450000 0.00856782
0.74550000 0.00838745
0.74650000 0.00996573
0.74750000 0.00834235
0.74850000 0.00775613
0.74950000 0.00789141
0.75050000 0.05239899
0.75150000 0.00577201
0.75250000 0.00879329
0.75350000 0.00640332
0.75450000 0.00721501
0.75550000 0.00595238
0.75650000 0.00703463
0.75750000 0.00468975
0.75850000 0.00581710
0.75950000 0.00604257
0.76050000 0.00523088
0.76150000 0.00487013
0.76250000 0.00514069
0.76350000 0.00554654
0.76450000 0.00491522
0.76550000 0.00545635
0.76650000 0.00514069
0.76750000 0.00496032
0.76850000 0.00514069
0.76950000 0.00401335
0.77050000 0.00432900
0.77150000 0.04685245
0.77250000 0.00532107
0.77350000 0.00437410
0.77450000 0.00383297
0.77550000 0.00347222
0.77650000 0.00455447
0.77750000 0.00266053
0.77850000 0.00351732
0.77950000 0.00365260
0.78050000 0.00500541
0.78150000 0.01479076
0.78250000 0.01560245
0.78350000 0.00275072
0.78450000 0.00383297
0.78550000 0.00279582
0.78650000 0.00284091
0.78750000 0.00275072
0.78850000 0.00257035
0.78950000 0.00207431
0.79050000 0.00257035
0.79150000 0.00180375
0.79250000 0.00248016
0.79350000 0.00229978
0.79450000 0.00202922
0.79550000 0.00220960
0.79650000 0.00225469
0.79750000 0.00198413
0.79850000 0.00243506
0.79950000 0.00130772
0.80050000 0.00257035
0.80150000 0.00216450
0.80250000 0.00180375
0.80350000 0.00257035
0.80450000 0.00144300
0.80550000 0.00270563
0.80650000 0.00144300
0.80750000 0.00180375
0.80850000 0.00175866
0.80950000 0.00171356
0.81050000 0.00175866
0.81150000 0.00157828
0.81250000 0.00180375
0.81350000 0.00139791
0.81450000 0.00198413
0.81550000 0.00157828
0.81650000 0.00207431
0.81750000 0.00180375
0.81850000 0.00157828
0.81950000 0.00220960
0.82050000 0.00090188
0.82150000 0.00162338
0.82250000 0.00126263
0.82350000 0.00171356
0.82450000 0.00144300
0.82550000 0.00121753
0.82650000 0.00121753
0.82750000 0.00126263
0.82850000 0.00153319
0.82950000 0.00162338
0.83050000 0.00175866
0.83150000 0.00126263
0.83250000 0.00117244
0.83350000 0.00072150
0.83450000 0.00103716
0.83550000 0.00121753
0.83650000 0.00153319
0.83750000 0.00094697
0.83850000 0.00162338
0.83950000 0.00094697
0.84050000 0.00103716
0.84150000 0.00171356
0.84250000 0.00126263
0.84350000 0.00099206
0.84450000 0.00090188
0.84550000 0.00103716
0.84650000 0.00112734
0.84750000 0.00103716
0.84850000 0.00117244
0.84950000 0.00130772
0.85050000 0.00094697
0.85150000 0.00067641
0.85250000 0.00094697
0.85350000 0.00094697
0.85450000 0.00072150
0.85550000 0.00076659
0.85650000 0.00072150
0.85750000 0.00063131
0.85850000 0.00058622
0.85950000 0.00081169
0.86050000 0.00067641
0.86150000 0.00067641
0.86250000 0.00040584
0.86350000 0.00076659
0.86450000 0.00085678
0.86550000 0.00085678
0.86650000 0.00081169
0.86750000 0.00036075
0.86850000 0.00045094
0.86950000 0.00058622
0.87050000 0.00063131
0.87150000 0.00058622
0.87250000 0.00040584
0.87350000 0.00054113
0.87450000 0.00022547
0.87550000 0.00049603
0.87650000 0.00076659
0.87750000 0.00058622
0.87850000 0.00063131
0.87950000 0.00054113
0.88050000 0.00045094
0.88150000 0.00063131
0.88250000 0.00045094
0.88350000 0.00067641
0.88450000 0.00081169
0.88550000 0.00072150
0.88650000 0.00040584
0.88750000 0.00040584
0.88850000 0.00054113
0.88950000 0.00036075
0.89050000 0.00067641
0.89150000 0.00054113
0.89250000 0.00072150
0.89350000 0.00045094
0.89450000 0.00054113
0.89550000 0.00018038
0.89650000 0.00063131
0.89750000 0.00036075
0.89850000 0.00036075
0.89950000 0.00022547
0.90050000 0.00031566
0.90150000 0.00049603
0.90250000 0.00031566
0.90350000 0.00022547
0.90450000 0.00022547
0.90550000 0.00063131
0.90650000 0.00013528
0.90750000 0.00027056
0.90850000 0.00013528
0.90950000 0.00031566
0.91050000 0.00045094
0.91150000 0.00022547
0.91250000 0.00063131
0.91350000 0.00049603
0.91450000 0.00058622
0.91550000 0.00004509
0.91650000 0.00112734
0.91750000 0.00027056
0.91850000 0.00040584
0.91950000 0.00031566
0.92050000 0.00027056
0.92150000 0.00022547
0.92250000 0.00031566
0.92350000 0.00031566
0.92450000 0.00027056
0.92550000 0.00009019
0.92650000 0.00013528
0.92750000 0.00009019
0.92850000 0.00022547
0.92950000 0.00000000
0.93050000 0.00004509
0.93150000 0.00000000
0.93250000 0.00031566
0.93350000 0.00027056
0.93450000 0.00027056
0.93550000 0.00013528
0.93650000 0.00031566
0.93750000 0.00009019
0.93850000 0.00004509
0.93950000 0.00013528
0.94050000 0.00009019
0.94150000 0.00009019
0.94250000 0.00013528
0.94350000 0.00099206
0.94450000 0.00009019
0.94550000 0.00000000
0.94650000 0.00009019
0.94750000 0.00004509
0.94850000 0.00000000
0.94950000 0.00000000
0.95050000 0.00000000
0.95150000 0.00009019
0.95250000 0.00000000
0.95350000 0.00009019
0.95450000 0.00000000
0.95550000 0.00009019
0.95650000 0.00004509
0.95750000 0.00013528
0.95850000 0.00013528
0.95950000 0.00009019
0.96050000 0.00004509
0.96150000 0.00004509
0.96250000 0.00009019
0.96350000 0.00009019
0.96450000 0.00013528
0.96550000 0.00009019
0.96650000 0.00004509
0.96750000 0.00018038
0.96850000 0.00004509
0.96950000 0.00009019
0.97050000 0.00000000
0.97150000 0.00000000
0.97250000 0.00009019
0.97350000 0.00009019
0.97450000 0.00004509
0.97550000 0.00000000
0.97650000 0.00009019
0.97750000 0.00000000
0.97850000 0.00000000
0.97950000 0.00004509
0.98050000 0.00000000
0.98150000 0.00000000
0.98250000 0.00004509
0.98350000 0.00000000
0.98450000 0.00000000
0.98550000 0.00000000
0.98650000 0.00000000
0.98750000 0.00000000
0.98850000 0.00009019
0.98950000 0.00004509
0.99050000 0.00000000
0.99150000 0.00000000
0.99250000 0.00000000
0.99350000 0.00000000
0.99450000 0.00004509
0.99550000 0.00004509
0.99650000 0.00009019
0.99750000 0.00000000
0.99850000 0.00000000
0.99950000 0.00018038
1.00000000 0.00000000
0.00000000 0.00000000
