0.00050000 0.49974965
0.00150000 0.49937093
0.00250000 0.49915255
0.00350000 0.49909173
0.00450000 0.49889197
0.00550000 0.49866311
0.00650000 0.49857421
0.00750000 0.49850118
0.00850000 0.49822628
0.00950000 0.49835814
0.01050000 0.49796337
0.01150000 0.49783286
0.01250000 0.49765074
0.01350000 0.49697413
0.01450000 0.49733178
0.01550000 0.49698111
0.01650000 0.49563644
0.01750000 0.49700477
0.01850000 0.49661627
0.01950000 0.49675389
0.02050000 0.49456795
0.02150000 0.49605686
0.02250000 0.49615594
0.02350000 0.49515131
0.02450000 0.49592565
0.02550000 0.49599452
0.02650000 0.49545436
0.02750000 0.49598666
0.02850000 0.49541938
0.02950000 0.49609389
0.03050000 0.49523533
0.03150000 0.49546709
0.03250000 0.49549348
0.03350000 0.49487869
0.03450000 0.49473354
0.03550000 0.49462718
0.03650000 0.49405185
0.03750000 0.49422943
0.03850000 0.49323546
0.03950000 0.49327816
0.04050000 0.49191126
0.04150000 0.49275421
0.04250000 0.49283357
0.04350000 0.49171563
0.04450000 0.49251341
0.04550000 0.49137085
0.04650000 0.49062547
0.04750000 0.49131489
0.04850000 0.49082730
0.04950000 0.48921235
0.05050000 0.49037143
0.05150000 0.48997742
0.05250000 0.48993848
0.05350000 0.48847959
0.05450000 0.48968057
0.05550000 0.48849215
0.05650000 0.48647252
0.05750000 0.48867183
0.05850000 0.48822898
0.05950000 0.48855656
0.06050000 0.48605237
0.06150000 0.48662113
0.06250000 0.48770795
0.06350000 0.48468685
0.06450000 0.48741482
0.06550000 0.48604784
0.06650000 0.48482621
0.06750000 0.48714195
0.06850000 0.48587236
0.06950000 0.48590788
0.07050000 0.48512989
0.07150000 0.48635809
0.07250000 0.48555095
0.07350000 0.48513372
0.07450000 0.48636432
0.07550000 0.48600745
0.07650000 0.48526291
0.07750000 0.48622516
0.07850000 0.48379747
0.07950000 0.48569745
0.08050000 0.48450131
0.08150000 0.48106967
0.08250000 0.48392734
0.08350000 0.48332622
0.08450000 0.48332995
0.08550000 0.48203462
0.08650000 0.48163079
0.08750000 0.48087293
0.08850000 0.48040981
0.08950000 0.47941074
0.09050000 0.47809577
0.09150000 0.48049174
0.09250000 0.47948261
0.09350000 0.47993120
0.09450000 0.48058963
0.09550000 0.47947799
0.09650000 0.47742815
0.09750000 0.48088925
0.09850000 0.48044421
0.09950000 0.47691737
0.10050000 0.47830567
0.10150000 0.48029053
0.10250000 0.48016826
0.10350000 0.47982493
0.10450000 0.47929561
0.10550000 0.47870648
0.10650000 0.48113193
0.10750000 0.48027318
0.10850000 0.48000335
0.10950000 0.47681664
0.11050000 0.48054624
0.11150000 0.48090170
0.11250000 0.47938582
0.11350000 0.47924848
0.11450000 0.47889674
0.11550000 0.48002529
0.11650000 0.47921867
0.11750000 0.47908210
0.11850000 0.47495471
0.11950000 0.48077400
0.12050000 0.47915729
0.12150000 0.47818688
0.12250000 0.47881119
0.12350000 0.47931154
0.12450000 0.48011495
0.12550000 0.47924928
0.12650000 0.47814230
0.12750000 0.47662288
0.12850000 0.48018391
0.12950000 0.48085909
0.13050000 0.47929576
0.13150000 0.48061111
0.13250000 0.48124636
0.13350000 0.48135483
0.13450000 0.48083098
0.13550000 0.48227213
0.13650000 0.47825009
0.13750000 0.48214396
0.13850000 0.48340923
0.13950000 0.48164418
0.14050000 0.48315034
0.14150000 0.48405912
0.14250000 0.48457284
0.14350000 0.48391634
0.14450000 0.48614226
0.14550000 0.48283160
0.14650000 0.48557274
0.14750000 0.48520605
0.14850000 0.48615610
0.14950000 0.48745578
0.15050000 0.48659404
0.15150000 0.48750799
0.15250000 0.48732739
0.15350000 0.48856908
0.15450000 0.48785451
0.15550000 0.48989238
0.15650000 0.48961945
0.15750000 0.49079781
0.15850000 0.49151909
0.15950000 0.49233677
0.16050000 0.49228055
0.16150000 0.49381264
0.16250000 0.49384319
0.16350000 0.49414775
0.16450000 0.49568285
0.16550000 0.49616957
0.16650000 0.49688287
0.16750000 0.49773227
0.16850000 0.49840729
0.16950000 0.49910301
0.17050000 0.49987402
0.17150000 0.50062732
0.17250000 0.50154055
0.17350000 0.50224477
0.17450000 0.50291535
0.17550000 0.50353784
0.17650000 0.50454660
0.17750000 0.50534572
0.17850000 0.50638446
0.17950000 0.50669914
0.18050000 0.50804984
0.18150000 0.50966421
0.18250000 0.50964848
0.18350000 0.51011905
0.18450000 0.51129110
0.18550000 0.51216384
0.18650000 0.51334960
0.18750000 0.51340242
0.18850000 0.51510199
0.18950000 0.51543744
0.19050000 0.51820240
0.19150000 0.51771423
0.19250000 0.51885488
0.19350000 0.51932799
0.19450000 0.52030289
0.19550000 0.52216550
0.19650000 0.52268978
0.19750000 0.52377417
0.19850000 0.52450738
0.19950000 0.52761930
0.20050000 0.52774828
0.20150000 0.52697405
0.20250000 0.52982267
0.20350000 0.52828145
0.20450000 0.53274428
0.20550000 0.53184526
0.20650000 0.53484077
0.20750000 0.53397403
0.20850000 0.53635578
0.20950000 0.53993706
0.21050000 0.53884161
0.21150000 0.54103205
0.21250000 0.54092904
0.21350000 0.54459941
0.21450000 0.54401879
0.21550000 0.54462091
0.21650000 0.54617916
0.21750000 0.54656650
0.21850000 0.55295756
0.21950000 0.54608795
0.22050000 0.54657527
0.22150000 0.54549201
0.22250000 0.54436131
0.22350000 0.54148368
0.22450000 0.54039775
0.22550000 0.54182744
0.22650000 0.53792797
0.22750000 0.53961169
0.22850000 0.53540665
0.22950000 0.53559709
0.23050000 0.53428096
0.23150000 0.53339989
0.23250000 0.52982027
0.23350000 0.53208226
0.23450000 0.52804358
0.23550000 0.52846007
0.23650000 0.52737932
0.23750000 0.52687651
0.23850000 0.52439623
0.23950000 0.52367146
0.24050000 0.52398692
0.24150000 0.52162977
0.24250000 0.52133970
0.24350000 0.52017327
0.24450000 0.51923617
0.24550000 0.51874813
0.24650000 0.51733217
0.24750000 0.51675289
0.24850000 0.51562615
0.24950000 0.51361210
0.25050000 0.51504337
0.25150000 0.51301871
0.25250000 0.51235014
0.25350000 0.51132574
0.25450000 0.51073083
0.25550000 0.50981371
0.25650000 0.50905310
0.25750000 0.50812216
0.25850000 0.50734321
0.25950000 0.50644615
0.26050000 0.50617308
0.26150000 0.50502939
0.26250000 0.50439166
0.26350000 0.50377682
0.26450000 0.50301638
0.26550000 0.50232734
0.26650000 0.50173258
0.26750000 0.50098413
0.26850000 0.50039019
0.26950000 0.49974042
0.27050000 0.49912638
0.27150000 0.49851532
0.27250000 0.49780892
0.27350000 0.49722696
0.27450000 0.49676406
0.27550000 0.49597447
0.27650000 0.49562944
0.27750000 0.49480712
0.27850000 0.49460627
0.27950000 0.49406205
0.28050000 0.49351716
0.28150000 0.49244483
0.28250000 0.49275368
0.28350000 0.49171583
0.28450000 0.49178479
0.28550000 0.49120676
0.28650000 0.49038409
0.28750000 0.49027405
0.28850000 0.48972726
0.28950000 0.48977004
0.29050000 0.48832542
0.29150000 0.48818107
0.29250000 0.48819630
0.29350000 0.48788793
0.29450000 0.48755885
0.29550000 0.48631119
0.29650000 0.48702590
0.29750000 0.48634183
0.29850000 0.48619419
0.29950000 0.48775242
0.30050000 0.48261287
0.30150000 0.48523833
0.30250000 0.48475125
0.30350000 0.48491109
0.30450000 0.48365999
0.30550000 0.48432595
0.30650000 0.48353683
0.30750000 0.48402492
0.30850000 0.48304955
0.30950000 0.48338501
0.31050000 0.48249213
0.31150000 0.48347137
0.31250000 0.48332975
0.31350000 0.48252455
0.31450000 0.48385154
0.31550000 0.48329591
0.31650000 0.48336872
0.31750000 0.48357388
0.31850000 0.48212819
0.31950000 0.48309194
0.32050000 0.48233585
0.32150000 0.48330978
0.32250000 0.48258294
0.32350000 0.48286814
0.32450000 0.48335436
0.32550000 0.48267643
0.32650000 0.48262290
0.32750000 0.48182071
0.32850000 0.48312687
0.32950000 0.48350981
0.33050000 0.48272663
0.33150000 0.48208611
0.33250000 0.48358826
0.33350000 0.48206979
0.33450000 0.48317241
0.33550000 0.48276355
0.33650000 0.48266569
0.33750000 0.48251192
0.33850000 0.48322168
0.33950000 0.48330647
0.34050000 0.48227802
0.34150000 0.48283326
0.34250000 0.48282033
0.34350000 0.48320635
0.34450000 0.48329721
0.34550000 0.48264607
0.34650000 0.48295046
0.34750000 0.48262860
0.34850000 0.48363037
0.34950000 0.48196278
0.35050000 0.48426573
0.35150000 0.48422022
0.35250000 0.48314263
0.35350000 0.48408520
0.35450000 0.48350309
0.35550000 0.48368830
0.35650000 0.48434767
0.35750000 0.48378053
0.35850000 0.48447607
0.35950000 0.48493561
0.36050000 0.48364133
0.36150000 0.48445853
0.36250000 0.48485329
0.36350000 0.48451039
0.36450000 0.48507334
0.36550000 0.48542197
0.36650000 0.48478080
0.36750000 0.48614987
0.36850000 0.48503054
0.36950000 0.48587707
0.37050000 0.48587598
0.37150000 0.48589565
0.37250000 0.48600680
0.37350000 0.48639926
0.37450000 0.48716824
0.37550000 0.48644035
0.37650000 0.48710411
0.37750000 0.48734828
0.37850000 0.48781142
0.37950000 0.48906974
0.38050000 0.48725319
0.38150000 0.48829255
0.38250000 0.48843050
0.38350000 0.48945182
0.38450000 0.48892507
0.38550000 0.48936467
0.38650000 0.48952333
0.38750000 0.49099405
0.38850000 0.49072996
0.38950000 0.49173939
0.39050000 0.49079105
0.39150000 0.49130387
0.39250000 0.49213102
0.39350000 0.49244486
0.39450000 0.49267187
0.39550000 0.49245051
0.39650000 0.49329057
0.39750000 0.49324892
0.39850000 0.49373136
0.39950000 0.49361063
0.40050000 0.49343065
0.40150000 0.49436284
0.40250000 0.49444131
0.40350000 0.49458296
0.40450000 0.49450166
0.40550000 0.49515809
0.40650000 0.49540831
0.40750000 0.49564998
0.40850000 0.49566301
0.40950000 0.49584374
0.41050000 0.49656660
0.41150000 0.49663615
0.41250000 0.49682025
0.41350000 0.49691236
0.41450000 0.49743630
0.41550000 0.49751263
0.41650000 0.49776636
0.41750000 0.49797778
0.41850000 0.49813605
0.41950000 0.49854200
0.42050000 0.49855942
0.42150000 0.49888796
0.42250000 0.49897288
0.42350000 0.49922734
0.42450000 0.49941848
0.42550000 0.49957539
0.42650000 0.49975879
0.42750000 0.49994021
0.42850000 0.50011093
0.42950000 0.50026250
0.43050000 0.50045490
0.43150000 0.50062741
0.43250000 0.50077887
0.43350000 0.50099584
0.43450000 0.50115306
0.43550000 0.50127495
0.43650000 0.50149396
0.43750000 0.50161718
0.43850000 0.50182339
0.43950000 0.50176633
0.44050000 0.50223332
0.44150000 0.50215904
0.44250000 0.50252369
0.44350000 0.50236245
0.44450000 0.50278003
0.44550000 0.50289215
0.44650000 0.50324118
0.44750000 0.50311797
0.44850000 0.50333007
0.44950000 0.50345704
0.45050000 0.50370253
0.45150000 0.50401666
0.45250000 0.50402592
0.45350000 0.50458538
0.45450000 0.50451586
0.45550000 0.50477913
0.45650000 0.50450997
0.45750000 0.50483840
0.45850000 0.50488018
0.45950000 0.50553482
0.46050000 0.50490683
0.46150000 0.50524557
0.46250000 0.50595992
0.46350000 0.50576198
0.46450000 0.50579742
0.46550000 0.50553419
0.46650000 0.50611783
0.46750000 0.50591055
0.46850000 0.50628207
0.46950000 0.50621479
0.47050000 0.50628921
0.47150000 0.50666983
0.47250000 0.50640989
0.47350000 0.50703171
0.47450000 0.50704804
0.47550000 0.50763778
0.47650000 0.50693258
0.47750000 0.50763881
0.47850000 0.50807160
0.47950000 0.50664071
0.48050000 0.50871639
0.48150000 0.50829698
0.48250000 0.50890691
0.48350000 0.50859851
0.48450000 0.50850218
0.48550000 0.50818325
0.48650000 0.50989609
0.48750000 0.50905946
0.48850000 0.50942453
0.48950000 0.50920383
0.49050000 0.51025878
0.49150000 0.51022382
0.49250000 0.50983841
0.49350000 0.51024458
0.49450000 0.51018613
0.49550000 0.51028121
0.49650000 0.51064471
0.49750000 0.51119161
0.49850000 0.51113886
0.49950000 0.50870288
0.50050000 0.51373368
0.50150000 0.51076793
0.50250000 0.51111431
0.50350000 0.51087562
0.50450000 0.51186789
0.50550000 0.51108040
0.50650000 0.51178420
0.50750000 0.51109799
0.50850000 0.51249040
0.50950000 0.51090557
0.51050000 0.51316799
0.51150000 0.51202917
0.51250000 0.51232075
0.51350000 0.51323967
0.51450000 0.51186201
0.51550000 0.51267600
0.51650000 0.51365895
0.51750000 0.51363285
0.51850000 0.51297379
0.51950000 0.51235707
0.52050000 0.51452179
0.52150000 0.51364430
0.52250000 0.51380676
0.52350000 0.51454539
0.52450000 0.51452146
0.52550000 0.51526547
0.52650000 0.51625300
0.52750000 0.51443594
0.52850000 0.51435279
0.52950000 0.51252251
0.53050000 0.51390101
0.53150000 0.51246399
0.53250000 0.51308329
0.53350000 0.51277056
0.53450000 0.51207990
0.53550000 0.51285896
0.53650000 0.51180171
0.53750000 0.51115350
0.53850000 0.51034800
0.53950000 0.50971670
0.54050000 0.51013507
0.54150000 0.50931698
0.54250000 0.50940913
0.54350000 0.50852825
0.54450000 0.50896592
0.54550000 0.50784450
0.54650000 0.50820739
0.54750000 0.50734818
0.54850000 0.50735307
0.54950000 0.50700187
0.55050000 0.50664672
0.55150000 0.50692491
0.55250000 0.50547700
0.55350000 0.50588719
0.55450000 0.50531494
0.55550000 0.50562118
0.55650000 0.50450718
0.55750000 0.50481205
0.55850000 0.50450231
0.55950000 0.50419163
0.56050000 0.50388153
0.56150000 0.50357542
0.56250000 0.50361006
0.56350000 0.50342649
0.56450000 0.50288248
0.56550000 0.50247725
0.56650000 0.50246568
0.56750000 0.50259852
0.56850000 0.50184439
0.56950000 0.50193152
0.57050000 0.50171862
0.57150000 0.50167117
0.57250000 0.50121960
0.57350000 0.50118758
0.57450000 0.50091903
0.57550000 0.50083273
0.57650000 0.50056137
0.57750000 0.50043023
0.57850000 0.50034624
0.57950000 0.50020620
0.58050000 0.50004337
0.58150000 0.49992692
0.58250000 0.49979548
0.58350000 0.49969639
0.58450000 0.49957057
0.58550000 0.49952701
0.58650000 0.49936145
0.58750000 0.49930906
0.58850000 0.49922834
0.58950000 0.49922547
0.59050000 0.49899920
0.59150000 0.49893489
0.59250000 0.49885015
0.59350000 0.49880964
0.59450000 0.49868605
0.59550000 0.49860230
0.59650000 0.49851032
0.59750000 0.49870521
0.59850000 0.49834213
0.59950000 0.49878001
0.60050000 0.49796697
0.60150000 0.49837973
0.60250000 0.49849323
0.60350000 0.49815460
0.60450000 0.49798942
0.60550000 0.49821820
0.60650000 0.49788012
0.60750000 0.49787829
0.60850000 0.49792602
0.60950000 0.49793448
0.61050000 0.49782875
0.61150000 0.49794082
0.61250000 0.49754486
0.61350000 0.49765559
0.61450000 0.49746434
0.61550000 0.49778872
0.61650000 0.49751213
0.61750000 0.49765100
0.61850000 0.49756403
0.61950000 0.49775755
0.62050000 0.49704801
0.62150000 0.49725524
0.62250000 0.49726237
0.62350000 0.49738486
0.62450000 0.49716445
0.62550000 0.49693011
0.62650000 0.49676213
0.62750000 0.49738505
0.62850000 0.49695329
0.62950000 0.49712100
0.63050000 0.49652415
0.63150000 0.49708180
0.63250000 0.49664307
0.63350000 0.49699599
0.63450000 0.49661148
0.63550000 0.49693470
0.63650000 0.49649518
0.63750000 0.49706197
0.63850000 0.49662858
0.63950000 0.49741322
0.64050000 0.49608149
0.64150000 0.49682539
0.64250000 0.49679194
0.64350000 0.49696036
0.64450000 0.49696126
0.64550000 0.49706676
0.64650000 0.49625060
0.64750000 0.49676009
0.64850000 0.49662969
0.64950000 0.49681729
0.65050000 0.49629193
0.65150000 0.49709274
0.65250000 0.49654385
0.65350000 0.49656240
0.65450000 0.49672581
0.65550000 0.49676048
0.65650000 0.49643379
0.65750000 0.49706566
0.65850000 0.49659383
0.65950000 0.49742908
0.66050000 0.49581353
0.66150000 0.49696696
0.66250000 0.49693841
0.66350000 0.49709810
0.66450000 0.49685666
0.66550000 0.49654140
0.66650000 0.49696803
0.66750000 0.49715608
0.66850000 0.49680449
0.66950000 0.49700886
0.67050000 0.49644502
0.67150000 0.49698670
0.67250000 0.49687478
0.67350000 0.49682986
0.67450000 0.49689476
0.67550000 0.49740423
0.67650000 0.49672237
0.67750000 0.49768883
0.67850000 0.49699997
0.67950000 0.49777675
0.68050000 0.49599602
0.68150000 0.49755797
0.68250000 0.49703954
0.68350000 0.49739326
0.68450000 0.49702977
0.68550000 0.49744084
0.68650000 0.49723797
0.68750000 0.49735592
0.68850000 0.49668213
0.68950000 0.49673048
0.69050000 0.49681809
0.69150000 0.49752264
0.69250000 0.49675775
0.69350000 0.49747863
0.69450000 0.49756627
0.69550000 0.49728535
0.69650000 0.49693839
0.69750000 0.49792420
0.69850000 0.49722575
0.69950000 0.49823204
0.70050000 0.49617151
0.70150000 0.49770280
0.70250000 0.49745496
0.70350000 0.49751642
0.70450000 0.49754579
0.70550000 0.49773289
0.70650000 0.49786376
0.70750000 0.49759524
0.70850000 0.49775228
0.70950000 0.49807938
0.71050000 0.49752121
0.71150000 0.49764665
0.71250000 0.49732119
0.71350000 0.49770427
0.71450000 0.49780684
0.71550000 0.49814355
0.71650000 0.49753823
0.71750000 0.49810311
0.71850000 0.49768549
0.71950000 0.49847468
0.72050000 0.49736940
0.72150000 0.49768672
0.72250000 0.49799760
0.72350000 0.49825745
0.72450000 0.49833186
0.72550000 0.49789674
0.72650000 0.49762951
0.72750000 0.49793723
0.72850000 0.49839161
0.72950000 0.49815103
0.73050000 0.49783638
0.73150000 0.49817647
0.73250000 0.49811633
0.73350000 0.49801930
0.73450000 0.49788507
0.73550000 0.49841410
0.73650000 0.49797536
0.73750000 0.49847061
0.73850000 0.49798349
0.73950000 0.49864920
0.74050000 0.49775873
0.74150000 0.49815590
0.74250000 0.49804839
0.74350000 0.49826964
0.74450000 0.49820923
0.74550000 0.49824312
0.74650000 0.49790809
0.74750000 0.49824523
0.74850000 0.49836525
0.74950000 0.49833347
0.75050000 0.48891302
0.75150000 0.49877644
0.75250000 0.49813260
0.75350000 0.49863775
0.75450000 0.49846244
0.75550000 0.49872940
0.75650000 0.49849596
0.75750000 0.49899574
0.75850000 0.49875245
0.75950000 0.49870219
0.76050000 0.49887493
0.76150000 0.49895109
0.76250000 0.49889135
0.76350000 0.49880231
0.76450000 0.49893733
0.76550000 0.49881895
0.76650000 0.49888602
0.76750000 0.49892394
0.76850000 0.49888366
0.76950000 0.49912761
0.77050000 0.49905811
0.77150000 0.48979688
0.77250000 0.49884024
0.77350000 0.49904588
0.77450000 0.49916328
0.77550000 0.49924150
0.77650000 0.49900442
0.77750000 0.49941807
0.77850000 0.49923023
0.77950000 0.49920020
0.78050000 0.49890346
0.78150000 0.49675837
0.78250000 0.49657916
0.78350000 0.49939670
0.78450000 0.49915909
0.78550000 0.49938648
0.78650000 0.49937645
0.78750000 0.49939615
0.78850000 0.49943569
0.78950000 0.49954456
0.79050000 0.49943564
0.79150000 0.49960397
0.79250000 0.49945549
0.79350000 0.49949515
0.79450000 0.49955462
0.79550000 0.49951513
0.79650000 0.49950536
0.79750000 0.49956485
0.79850000 0.49946613
0.79950000 0.49971341
0.80050000 0.49943694
0.80150000 0.49952607
0.80250000 0.49960527
0.80350000 0.49943783
0.80450000 0.49968459
0.80550000 0.49940900
0.80650000 0.49968503
0.80750000 0.49960658
0.80850000 0.49961673
0.80950000 0.49962687
0.81050000 0.49961740
0.81150000 0.49965696
0.81250000 0.49960834
0.81350000 0.49969678
0.81450000 0.49957009
0.81550000 0.49965842
0.81650000 0.49955159
0.81750000 0.49961056
0.81850000 0.49965967
0.81950000 0.49952417
0.82050000 0.49980605
0.82150000 0.49965139
0.82250000 0.49972926
0.82350000 0.49963312
0.82450000 0.49969153
0.82550000 0.49974015
0.82650000 0.49974059
0.82750000 0.49973144
0.82850000 0.49967447
0.82950000 0.49965594
0.83050000 0.49962797
0.83150000 0.49973341
0.83250000 0.49975294
0.83350000 0.49984827
0.83450000 0.49978234
0.83550000 0.49974503
0.83650000 0.49967962
0.83750000 0.49980256
0.83850000 0.49966231
0.83950000 0.49980347
0.84050000 0.49978527
0.84150000 0.49964609
0.84250000 0.49973988
0.84350000 0.49979614
0.84450000 0.49981515
0.84550000 0.49978799
0.84650000 0.49977018
0.84750000 0.49978916
0.84850000 0.49976233
0.84950000 0.49973567
0.85050000 0.49980915
0.85150000 0.49986409
0.85250000 0.49981031
0.85350000 0.49981090
0.85450000 0.49985638
0.85550000 0.49984790
0.85650000 0.49985732
0.85750000 0.49987558
0.85850000 0.49988486
0.85950000 0.49984113
0.86050000 0.49986808
0.86150000 0.49986856
0.86250000 0.49992143
0.86350000 0.49985214
0.86450000 0.49983537
0.86550000 0.49983601
0.86650000 0.49984526
0.86750000 0.49993150
0.86850000 0.49991473
0.86950000 0.49988960
0.87050000 0.49988161
0.87150000 0.49989054
0.87250000 0.49992455
0.87350000 0.49989985
0.87450000 0.49995846
0.87550000 0.49990903
0.87650000 0.49986007
0.87750000 0.49989350
0.87850000 0.49988586
0.87950000 0.49990264
0.88050000 0.49991927
0.88150000 0.49988756
0.88250000 0.49992010
0.88350000 0.49988077
0.88450000 0.49985768
0.88550000 0.49987418
0.88650000 0.49992961
0.88750000 0.49993000
0.88850000 0.49990720
0.88950000 0.49993849
0.89050000 0.49988534
0.89150000 0.49990882
0.89250000 0.49987916
0.89350000 0.49992493
0.89450000 0.49991048
0.89550000 0.49997035
0.89650000 0.49989689
0.89750000 0.49994146
0.89850000 0.49994185
0.89950000 0.49996390
0.90050000 0.49994981
0.90150000 0.49992168
0.90250000 0.49995051
0.90350000 0.49996490
0.90450000 0.49996516
0.90550000 0.49990317
0.90650000 0.49997941
0.90750000 0.49995913
0.90850000 0.49997972
0.90950000 0.49995306
0.91050000 0.49993349
0.91150000 0.49996702
0.91250000 0.49990841
0.91350000 0.49992864
0.91450000 0.49991639
0.91550000 0.49999362
0.91650000 0.49984204
0.91750000 0.49996243
0.91850000 0.49994417
0.91950000 0.49995698
0.92050000 0.49996348
0.92150000 0.49996986
0.92250000 0.49995822
0.92350000 0.49995863
0.92450000 0.49996490
0.92550000 0.49998842
0.92650000 0.49998282
0.92750000 0.49998867
0.92850000 0.49997198
0.92950000 0.50000000
0.93050000 0.49999452
0.93150000 0.50000000
0.93250000 0.49996254
0.93350000 0.49996828
0.93450000 0.49996867
0.93550000 0.49998453
0.93650000 0.49996436
0.93750000 0.49998995
0.93850000 0.49999504
0.93950000 0.49998532
0.94050000 0.49999035
0.94150000 0.49999049
0.94250000 0.49998594
0.94350000 0.49989838
0.94450000 0.49999090
0.94550000 0.50000000
0.94650000 0.49999118
0.94750000 0.49999566
0.94850000 0.50000000
0.94950000 0.50000000
0.95050000 0.50000000
0.95150000 0.49999189
0.95250000 0.50000000
0.95350000 0.49999219
0.95450000 0.50000000
0.95550000 0.49999248
0.95650000 0.49999632
0.95750000 0.49998917
0.95850000 0.49998940
0.95950000 0.49999309
0.96050000 0.49999662
0.96150000 0.49999670
0.96250000 0.49999355
0.96350000 0.49999370
0.96450000 0.49999079
0.96550000 0.49999402
0.96650000 0.49999709
0.96750000 0.49998867
0.96850000 0.49999725
0.96950000 0.49999466
0.97050000 0.50000000
0.97150000 0.50000000
0.97250000 0.49999514
0.97350000 0.49999531
0.97450000 0.49999774
0.97550000 0.50000000
0.97650000 0.49999581
0.97750000 0.50000000
0.97850000 0.50000000
0.97950000 0.49999816
0.98050000 0.50000000
0.98150000 0.50000000
0.98250000 0.49999842
0.98350000 0.50000000
0.98450000 0.50000000
0.98550000 0.50000000
0.98650000 0.50000000
0.98750000 0.50000000
0.98850000 0.49999789
0.98950000 0.49999903
0.99050000 0.50000000
0.99150000 0.50000000
0.99250000 0.50000000
0.99350000 0.50000000
0.99450000 0.49999949
0.99550000 0.49999958
0.99650000 0.49999934
0.99750000 0.50000000
0.99850000 0.50000000
0.99950000 0.49999981
